147.975349629 29636 8157 259469
147.980931513 -7278 5230 259512
147.986495398 -7166 5295 259385
147.992008284 -7019 5320 259227
147.99747417 -7148 5454 259138
148.002955057 -6933 5179 259377
148.008412944 -7001 5250 259503
148.01387783 -7146 5162 259237
148.019346717 -6998 5318 258940
148.024825603 -7104 5394 259535
148.03029049 -7024 5371 259150
148.035753377 -6883 5234 259416
148.041226263 -7145 5286 259092
148.04668215 -6995 5315 259176
148.052151037 -7150 5340 259198
148.057617924 -7071 5343 258871
148.06308781 -7221 5196 258941
148.068545697 -7082 5496 259154
148.074001584 -7184 5460 259315
148.07950747 -7220 5330 259145
148.084989356 -7258 5268 259238
148.090468243 -7099 5430 258961
148.095933129 -7249 5276 259080
148.101411016 -7060 5080 259315
148.106878902 -7200 5154 259081
148.112353789 -7186 5362 259299
148.117817676 -7096 5391 259129
148.123292562 -7040 5485 258900
148.128758449 -7163 5350 258842
148.134223336 -7002 5249 258990
148.139692222 -7031 5476 259369
148.145169109 -7110 5315 259225
148.150650995 -6964 5252 259218
148.156118882 -7140 5237 259391
148.161588768 -6943 5518 259322
148.167048655 -7098 5195 259380
148.172520542 -7130 5375 259147
148.177988428 -6945 5301 259128
148.183471315 -7032 5292 259660
148.188929202 -7284 5208 259183
148.194435087 -6978 5398 259243
148.199918974 -7001 5496 259354
148.205438859 -6959 5361 259330
148.210922746 -6961 5326 259357
148.216397632 -6985 5319 259258
148.221878519 -7098 5555 259059
148.227350405 -6920 5308 259179
148.232820292 -6960 5224 259309
148.238260179 -7171 5252 259329
148.243746065 -7000 5283 259364
148.249225952 -7242 5369 259281
148.254694838 -7160 5409 259243
148.260172725 -7148 5312 259052
148.265644611 -7129 5385 259230
148.271119498 -7042 5277 259272
148.276570385 -7118 5282 258797
148.282035272 -7085 5220 259326
148.287534158 -7116 5222 259257
148.293010044 -6993 5353 259272
148.298476931 -7107 5327 259162
148.303933818 -6955 5299 259407
148.309397704 -7126 5236 259120
148.314873591 -7089 5523 259189
148.320335478 -7306 5193 259178
148.325794364 -6932 5401 259203
148.33130725 -6951 5181 259452
148.336774137 -7173 5171 259401
148.342260023 -7054 5387 258961
148.34773191 -7106 5292 259344
148.353205796 -7090 5452 258886
148.358707682 -6939 5388 259263
148.364175569 -7122 5334 259297
148.369639456 -7311 5385 259365
148.375105342 -7181 5387 259401
148.380581229 -7015 5328 259533
148.386069115 -6926 5458 259252
148.391547001 -7169 5448 259453
148.397017888 -7159 5392 259535
148.402501774 -7207 5383 259282
148.407971661 -7087 5253 259316
148.413431548 -7040 5386 259280
148.418899434 -6991 5457 259363
148.424377321 -7074 5216 259202
148.429859207 -7279 5406 259376
148.435338094 -6911 5407 259510
148.44082798 -7226 5317 258919
148.446294866 -7077 5325 259286
148.451760753 -6971 5234 259494
148.45722164 -7036 5143 258946
148.462702526 -7163 5315 259512
148.468167413 -7320 5087 259268
148.4736333 -6944 5287 259185
148.479080187 -7148 5433 259436
148.484525074 -7116 5262 259315
148.490070959 -7362 5257 259169
148.495653843 -7232 5347 259570
148.50113573 -7019 5144 259220
148.506609616 -7255 5239 259377
148.512130502 -7216 5321 259168
148.517604388 -6904 5367 259386
148.523083275 -6968 5376 259246
148.528545161 -7027 5241 259437
148.534009048 -6931 5333 259312
148.539493935 -7102 5329 259336
148.546268794 -7050 5187 259456
148.553111652 -7044 5308 259343
148.559888512 -7191 5230 259329
148.566764369 -6953 5282 259385
148.573550229 -7081 5470 259405
148.580352088 -6948 5328 259089
148.587130947 -7181 5260 259289
148.593959805 -7003 5362 259292
148.600780664 -7089 5415 259487
148.607549524 -6894 5384 259286
148.614322383 -7047 5320 259489
148.621108243 -6981 5241 259336
148.627890111 -7140 5502 259533
148.634694979 -7086 5456 259335
148.641515846 -7073 5369 259219
148.648309714 -6996 5385 259279
148.655100582 -7298 5240 259617
148.66189545 -7145 5471 259274
148.668716318 -7244 5205 259444
148.675500186 -6880 5347 259146
148.682377052 -6936 5200 259549
148.68916392 -6981 5190 259289
148.695965788 -7137 5394 258981
148.703241647 -7129 5364 259473
148.710118513 -7162 5164 259497
148.716923381 -7072 5396 259333
148.723717249 -7287 5447 259288
148.730525117 -7010 5320 259368
148.737291985 -7074 5230 259146
148.744083853 -7343 5244 259418
148.750863721 -7186 5226 259255
148.757710588 -6850 5297 259174
148.764527456 -7101 5457 259533
148.771304324 -7098 5314 259297
148.778078192 -7045 5484 259022
148.78491106 -7195 5384 259234
148.791722927 -6926 5538 259220
148.798501796 -7225 5266 259210
148.805293664 -6911 5208 259052
148.812080532 -7002 5353 259278
148.8188594 -7072 5385 259139
148.825631268 -6936 5312 259173
148.832402137 -7181 5450 259445
148.839163005 -6940 5501 259039
148.846008872 -6964 5280 259148
148.852859739 -7094 5317 259263
148.859647607 -7092 5262 259328
148.866478474 -7200 5217 259320
148.873252343 -6988 5209 259195
148.879989212 -6828 5380 259162
148.887087074 -7163 5394 259353
148.893867942 -7180 5245 259535
148.900732809 -7078 5099 259346
148.907496677 -6959 5208 259301
148.914355544 -7044 5305 259308
148.921170412 -7054 5284 259281
148.92793628 -7234 5365 259485
148.934709148 -6959 5287 259286
148.941491017 -6962 5265 259360
148.948294884 -7136 5510 259284
148.955082753 -7238 5182 259298
148.96188262 -7117 5387 259647
148.968655489 -7128 5280 259047
148.975423357 -7041 5498 259623
148.982209225 -7116 5379 258734
148.988987094 -7143 5254 259400
148.995785962 -7001 5247 259001
149.002626829 -7000 5247 259377
149.009420697 -7050 5481 259190
149.016193565 -7143 5378 259575
149.023065431 -6968 5273 259311
149.0298493 -6993 5359 259232
149.036617168 -7207 5383 259244
149.043407036 -7210 5414 259691
149.050813892 -6986 5115 259042
149.05761476 -7254 5252 259028
149.064414628 -7121 5208 259202
149.071215496 -7307 5263 259361
149.077985364 -7036 5177 259254
149.08485723 -7162 5302 259583
149.091628099 -7300 5415 259242
149.098453966 -7261 5319 259346
149.105268834 -7015 5319 259580
149.112060702 -7247 5490 259329
149.11883157 -7130 5396 259166
149.125610439 -6918 5462 259241
149.132405306 -7103 5211 259389
149.139197174 -7069 5190 259391
149.145999042 -7141 5357 259155
149.152772911 -6869 5299 259425
149.15951078 -6981 5412 259162
149.166356647 -7098 5254 259609
149.173143515 -7114 5208 259204
149.179921383 -7119 5406 259350
149.186794249 -7057 5264 259088
149.193583118 -7189 5455 259518
149.200364986 -7041 5162 259405
149.208237833 -7075 5301 259346
149.215138699 -7145 5386 259008
149.221971566 -7234 5332 259272
149.228825433 -6999 5231 259299
149.2356253 -7071 5241 259412
149.242441168 -7067 5346 259063
149.249234036 -7115 5280 259079
149.255995905 -7220 5346 259266
149.263292763 -7218 5294 259392
149.270172629 -7042 5399 259387
149.276953497 -7198 5411 259503
149.283741365 -7144 5261 259213
149.290527234 -7035 5533 259392
149.297267103 -6927 5293 259470
149.304029971 -7051 5370 259158
149.310886838 -6995 5318 259136
149.317660706 -7216 5279 259522
149.324432575 -7175 5133 259386
149.331293441 -6997 5258 259602
149.338093309 -6887 5553 259189
149.344956176 -7042 5266 259080
149.351767043 -6920 5335 259275
149.358527912 -7109 5230 259220
149.36529678 -7062 5406 259239
149.372093648 -7079 5407 259374
149.378862517 -6993 5152 259311
149.385650385 -7053 5295 259246
149.392420253 -7036 5349 259327
149.399197122 -7011 5322 259267
149.40596799 -7164 5346 259413
149.412849856 -6989 5289 259202
149.419708723 -7027 5372 259315
149.426513591 -7229 5311 259478
149.433329458 -7069 5279 259309
149.440176325 -7103 5378 259226
149.446962193 -7030 5429 259368
149.453740062 -7015 5137 259332
149.460539929 -7136 5570 259371
149.467337797 -7127 5346 259446
149.474130665 -7036 5231 259548
149.481016532 -7066 5408 259363
149.4877884 -7103 5378 259284
149.494557268 -7158 5136 259425
149.501343137 -7141 5374 259414
149.508126005 -7054 5185 259220
149.514933872 -7132 5527 259274
149.521715741 -7060 5202 259345
149.528485609 -7042 5366 259048
149.535252478 -7083 5257 259475
149.542011346 -6952 5176 259475
149.548836214 -7094 5498 259033
149.555649081 -6976 5291 259422
149.562504948 -7088 5217 259136
149.569291816 -7034 5229 259264
149.576065684 -7019 5285 259448
149.582849553 -6932 5338 259386
149.589712419 -7021 5336 259236
149.597733263 -7138 5250 259383
149.60457613 -7023 5285 259110
149.611355999 -7215 5238 259394
149.618238865 -6991 5190 259280
149.625116734 -7139 5468 259598
149.63191261 -6955 5258 259355
149.638687487 -6969 5457 259564
149.645460364 -7110 5302 259457
149.65226124 -6838 5409 259002
149.659076116 -7119 5278 259289
149.665859992 -6942 5240 259458
149.673159859 -7112 5117 259120
149.679936736 -6912 5425 259183
149.687806592 -7164 5385 259440
149.694595468 -6948 5295 259081
149.701387345 -7131 5360 259559
149.708163221 -7046 5055 258965
149.714964097 -6983 5215 259269
149.721783973 -6939 5455 259282
149.72853485 -7119 5315 259445
149.735349726 -7081 5243 259146
149.742179601 -6946 5366 259094
149.748932478 -6968 5195 259221
149.755723355 -7161 5175 259184
149.76258923 -7170 5236 259295
149.769353106 -6968 5352 259343
149.776123983 -7055 5306 259352
149.782927859 -7134 5389 258798
149.789701736 -7032 5360 259365
149.796480612 -7172 5366 259082
149.803252489 -7117 5302 259211
149.810097364 -7173 5292 259144
149.81692524 -6940 5257 259025
149.823780115 -7075 5402 259498
149.83061199 -6864 5391 259537
149.837379867 -7034 5240 259333
149.844176743 -7189 5463 259357
149.850972619 -7123 5414 259306
149.857748496 -7006 5198 259449
149.864528372 -7008 5445 259381
149.871314249 -6976 5443 259252
149.878104125 -7183 5273 259227
149.884912001 -6983 5214 259678
149.891689878 -7161 5339 259323
149.898566752 -7124 5452 259229
149.905372628 -7034 5437 259164
149.912162505 -7032 5408 259467
149.918918381 -7153 5456 259135
149.925698258 -7137 5265 259404
149.933122123 -6909 5465 259387
149.939926999 -7078 5308 259227
149.946794874 -6847 5613 259178
149.953659748 -7069 5201 259450
149.960451625 -6940 5211 259598
149.967243501 -7045 5153 259241
149.974012378 -6954 5390 259045
149.980821254 -7079 5420 258950
149.98761013 -7251 5209 259349
149.994447005 -7154 5334 259267
150.001258881 -7024 5309 259515
150.008031758 -7044 5298 259271
150.014810634 -6999 5386 259433
150.021602511 -6979 5369 259502
150.028406387 -7131 5405 259300
150.035225262 -6990 5347 258784
150.042078138 -7047 5226 259396
150.048884014 -7064 5374 259442
150.05566789 -6983 5205 259554
150.062456766 -7058 5207 259245
150.069241643 -7208 5271 259502
150.076018519 -6880 5403 259365
150.082824395 -6986 5376 259249
150.089596272 -6866 5418 259448
150.096376148 -6846 5389 259344
150.103176024 -7153 5330 259297
150.109937901 -7025 5328 258957
150.116822776 -7158 5242 259482
150.123675651 -7037 5295 259423
150.130524526 -6753 5151 259424
150.137319402 -7185 5187 259442
150.144103279 3803 8699 256099
150.150907155 -8576 3327 259081
150.157699031 -8314 5537 261235
150.164488907 -8010 6631 259142
150.171267784 -4914 5684 260208
150.17804366 -8510 4655 261325
150.184858536 -6778 5917 258598
150.191649412 -6875 5894 259377
150.198422289 -7317 4853 258877
150.205219165 -7035 5582 258879
150.212040041 -6872 5569 259612
150.218824917 -6473 5478 259809
150.225612794 -7619 5348 260118
150.232474669 -6714 5033 258580
150.239292544 -7004 5265 259290
150.246072421 -6871 4916 259230
150.252895297 -7022 5433 259104
150.259714172 -7022 5499 259606
150.266513049 -6722 5362 259589
150.273287925 -7132 5223 259246
150.280561793 -6988 5504 259062
150.287479667 -7038 5383 259199
150.294234543 -7275 5261 259401
150.30100542 -7209 5533 259290
150.307794296 -6846 5227 259237
150.314586173 -6965 5299 259461
150.321356049 -7016 5293 259354
150.328154925 -6978 5240 259299
150.334991801 -7076 5568 259199
150.341811677 -7063 5290 259143
150.348663552 -7096 5268 259578
150.355486427 -7245 5273 259239
150.3625033 -7101 5156 259329
150.369295176 -7037 5609 259468
150.376044053 -7056 5182 259191
150.38279593 -6898 5307 259468
150.389541807 -7115 5155 259041
150.396312684 -7108 5393 259171
150.403132559 -7429 5396 259261
150.409927436 -7274 5178 259354
150.416769311 -7143 5437 259128
150.423573187 -7171 5567 259097
150.430346064 -7049 5082 259230
150.43714594 -6948 5247 259255
150.443951816 -7330 5289 259358
150.450745692 -7011 5175 259105
150.457541568 -7144 5321 259128
150.464367444 -7123 5346 259351
150.47116632 -7324 5279 259402
150.477936197 -6967 5546 259308
150.484800071 -7089 5374 259426
150.491568948 -7195 5217 259360
150.498430823 -7078 5204 259359
150.505222699 -7023 5443 259140
150.512015576 -7024 5145 259049
150.518788452 -7144 5469 259300
150.525556329 -7049 5293 259171
150.532335205 -7103 5200 259612
150.539122082 -7305 5284 259500
150.545907958 -6854 5338 259295
150.552660835 -7009 5316 259266
150.559418712 -6944 5430 259150
150.566191589 -7038 5516 259320
150.572975465 -7124 5209 259112
150.579747342 -7067 5246 259299
150.586527218 -7049 5231 259353
150.593337094 -7238 5479 259264
150.600189969 -7189 5195 259373
150.606977845 -6910 5278 259335
150.613774722 -7238 5231 259161
150.620585598 -7261 5396 259399
150.627361482 -7124 5213 259420
150.634152366 -6997 5065 259083
150.641102247 -7031 5328 259472
150.647900131 -7165 5260 259002
150.654700015 -7006 5311 259500
150.661492899 -7237 5245 259497
150.668269783 -6892 5347 259508
150.675064667 -7120 5358 259206
150.681855551 -7032 5454 259507
150.688594436 -7089 5360 259205
150.69538332 -6990 5417 259454
150.702231203 -7088 5214 259389
150.709050087 -7094 5362 259283
150.715847971 -7006 5312 259309
150.722626855 -7397 5313 259160
150.729388739 -7057 5450 259112
150.736160624 -7106 5304 259408
150.743193504 -7084 5208 259488
150.749945388 -6983 5326 259283
150.757395261 -7302 5322 259069
150.764227144 -7157 5443 259448
150.771015028 -6980 5364 259682
150.777781913 -7253 5356 259188
150.784607796 -7080 5338 259301
150.791381681 -7150 5535 259359
150.798143565 -7301 5427 259175
150.804932449 -7418 5524 259110
150.811723333 -7060 5388 259209
150.818498217 -7013 5262 259328
150.825287101 -7200 5392 259334
150.832081985 -7022 5166 259399
150.83885787 -7254 5517 259490
150.845669753 -7121 5394 259264
150.852546636 -7029 5500 259218
150.85933252 -7034 5193 259092
150.866123404 -7013 5219 259139
150.873071285 -7120 5509 259370
150.87984617 -7157 5367 259531
150.886619054 -7068 5292 259426
150.893392938 -6964 5526 259153
150.900347819 -7049 5523 259333
150.907142703 -7152 5365 259295
150.913928587 -6906 5379 259292
150.920722471 -6934 5364 259385
150.927486356 -7194 5334 259209
150.93425324 -6792 5483 259297
150.941035124 -7125 5423 259350
150.948060004 -6893 5458 259319
150.954871888 -7033 5315 259457
150.961722771 -7083 5401 259535
150.968524655 -7065 5193 259401
150.975353538 -7051 5302 259144
150.982178422 -7086 5356 259327
150.988937306 -7004 5195 259557
150.995702191 -7143 5351 259536
151.002546074 -7091 5224 259490
151.009290959 -7011 5246 259288
151.016077843 -6937 5235 259009
151.022873727 -7157 5383 259147
151.029640611 -6973 5244 259517
151.036447495 -6938 5437 259242
151.043232379 -7154 5273 259346
151.050101261 -7091 5252 259181
151.057000144 -7249 5243 259592
151.063809027 -7304 5459 259209
151.070601911 -7126 5288 258935
151.077365796 -7167 5315 259338
151.08416368 -6963 5374 259268
151.090952564 -7096 5376 259536
151.097737448 -6866 5270 259089
151.104525332 -7230 5348 259398
151.111309216 -7062 5407 259245
151.118053101 -7024 5411 259390
151.124853985 -7005 5302 259480
151.131647869 -7216 5348 258956
151.138475752 -7047 5218 259334
151.145263636 -7094 5466 259194
151.15207452 -7100 5227 259193
151.158879403 -6999 5495 259441
151.165670287 -7055 5262 259152
151.172452172 -7082 5289 259250
151.179228056 -7300 5243 259495
151.18601694 -7099 5229 259215
151.192846823 -7044 5274 259492
151.199582708 -7137 5391 259176
151.206357593 -6960 5457 258815
151.213124477 -7069 5284 259313
151.219933361 -6976 5138 259428
151.226938241 -7239 5187 259079
151.233731125 -7112 5301 259148
151.240504009 -6759 5212 259273
151.247275894 -7030 5393 259192
151.254078777 -7172 5288 259302
151.260890661 -7221 5144 259594
151.267706545 -7081 5232 259164
151.274508428 -7010 5350 259227
151.281301312 -7355 5445 259065
151.288065197 -6983 5244 259138
151.29488608 -7234 5419 259359
151.301658965 -6996 5253 259428
151.308463848 -7338 5371 259263
151.315262732 -7027 5338 259224
151.322051616 -6979 5313 259197
151.3288635 -7181 5337 259161
151.335636384 -7058 5233 259205
151.342404269 -7117 5365 259256
151.350121137 -6973 5329 259532
151.35698602 -6938 5329 259428
151.363820903 -7162 5195 259234
151.370603787 -7016 5535 259502
151.377399671 -7225 5329 259139
151.384198555 -6860 5216 259574
151.390999439 -7266 5419 259146
151.397759323 -7105 5382 259435
151.404535208 -7029 5263 259285
151.411328091 -7188 5339 259527
151.418102976 -7158 5358 259520
151.424969858 -7092 5342 259207
151.431739743 -7311 5404 259381
151.438534627 -7029 5294 259547
151.445304511 -7037 5510 259135
151.452075396 -7155 5306 259062
151.458898279 -7042 5288 259511
151.465724162 -7034 5359 259573
151.472690043 -7028 5432 259193
151.479466928 -6963 5302 259441
151.486242812 -6848 5596 259336
151.493013696 -10896 11674 247578
151.499778581 -3925 2307 255355
151.506554465 -6909 7103 259399
151.513382348 -10705 5776 260479
151.52028723 -7458 7980 257145
151.527070115 -3160 6372 260103
151.533847999 -8896 4183 258227
151.540687882 -6744 4929 258913
151.547443767 -8519 5213 259364
151.554382648 -6509 5391 259152
151.561240531 -7662 5744 259027
151.568038415 -6263 5677 258999
151.574816299 -7451 5666 259814
151.581606183 -6834 4793 258883
151.588385067 -7050 5141 259223
151.595161952 -7212 5005 259565
151.601934836 -7049 5571 259298
151.60872572 -6883 5554 259497
151.615505604 -6778 4999 259053
151.622302488 -7050 5353 258844
151.62906938 -6951 5231 259045
151.635839271 -7033 5083 259334
151.64276816 -7104 5369 259242
151.649556052 -7077 5496 259110
151.656340943 -7055 5215 259526
151.663183834 -7283 5480 259329
151.669990725 -7256 5320 259354
151.676865614 -7008 5165 259313
151.683669505 -6865 5511 259419
151.690477396 -7083 5255 259209
151.697246288 -7253 5395 259452
151.70402018 -7187 5321 259437
151.710782071 -7113 4997 259565
151.717566963 -7129 5221 259271
151.724368854 -7343 5334 259435
151.731141745 -7041 5593 259238
151.737915637 -7175 5494 259390
151.744698528 -7202 5289 259475
151.751490419 -7021 5140 258910
151.758244311 -6844 5540 259088
151.765040202 -7068 5317 259192
151.771860093 -6939 5345 258939
151.778665984 -7249 5186 259396
151.785459876 -7002 5539 258991
151.792319766 -7108 5181 259344
151.799076657 -7186 5330 259220
151.805837549 -6993 5239 259182
151.812763438 -7110 5245 259612
151.81955733 -7341 5297 259214
151.82641322 -6936 5292 258972
151.833210111 -7140 5175 259287
151.839978003 -6866 5520 259633
151.846793893 -7081 5321 259391
151.853576785 -6950 5198 259551
151.860396676 -7154 5475 259232
151.867219566 -7148 5243 259437
151.874038457 -7189 5257 259241
151.880885347 -6964 5424 259457
151.887672239 -7046 5473 259426
151.89443613 -7041 5208 259262
151.901251021 -6997 5244 259257
151.908019913 -7140 5446 259273
151.914798804 -7282 5199 259349
151.921596696 -7218 5402 259027
151.928362587 -7044 5230 259217
151.935131479 -7222 5265 259267
151.94191437 -7072 5337 259296
151.94876526 -7112 5368 259182
151.955569152 -6866 5311 259265
151.962434042 -6978 5361 259645
151.969557928 -7076 5319 259244
151.976377818 -7202 5238 259184
151.983183709 -7023 5532 259335
151.989953601 -7285 5368 259607
151.996811491 -7041 5382 259323
152.004462369 -6834 5262 259088
152.011279259 -6970 5231 259099
152.01809315 -6999 5561 259054
152.025031039 -7199 5366 259305
152.03182893 -7197 5069 259496
152.038605822 -7027 5415 259402
152.045358714 -7149 5327 259305
152.052105606 -7164 5222 259061
152.058862498 -7227 5461 258853
152.065649389 -7234 5434 259469
152.07247528 -7151 5362 259295
152.079283171 -6955 5405 259589
152.086062062 -6974 5411 259170
152.092868953 -7151 5207 259201
152.099637845 -6929 5236 259305
152.106472735 -7081 5424 259388
152.113251627 -7055 5349 259318
152.120158516 -6992 5262 259346
152.126949407 -7217 5257 259085
152.133725299 -7222 5267 259213
152.14052019 -7102 5358 259149
152.147324081 -6881 5241 259359
152.154108972 -6931 5428 259248
152.161000862 -7157 5112 259417
152.167780753 -7131 5372 259305
152.174589644 -6821 5466 259270
152.181408535 -7123 5163 259367
152.188186427 -6991 5509 259193
152.195009317 -7155 5360 259396
152.201857208 -7081 5475 259245
152.208639099 -7154 5302 259130
152.21543199 -7134 5339 258828
152.222211882 -7104 5428 259525
152.228991773 -6897 5365 259322
152.235792664 -7104 5353 259252
152.242576556 -7074 5492 259275
152.249356447 -7021 5358 259286
152.256119339 -6979 5492 259340
152.26291323 -6987 5250 259279
152.269657122 -6995 5214 259422
152.276610011 -6910 5220 259466
152.283451901 -6932 5253 259563
152.290347791 -7087 5432 259340
152.297097683 -7034 5332 259302
152.303872574 -6936 5315 259438
152.310659465 -7326 5269 259238
152.317414357 -7224 5289 259412
152.324186249 -7181 5412 259340
152.33097714 -7088 5400 258973
152.337752032 -6923 5468 259283
152.344541923 -7207 5170 259421
152.351332814 -7010 5387 259329
152.358104706 -6941 5464 259198
152.364979596 -6924 5217 259322
152.371784487 -7008 5295 259699
152.378561378 -7315 5228 259337
152.385383269 -6945 5167 259638
152.39219216 -7096 5229 259390
152.398937052 -7126 5145 259011
152.405723943 -7013 5299 259482
152.412643832 -7077 5330 259435
152.419409724 -7141 5414 259621
152.426228615 -7123 5423 259156
152.433079505 -7011 5429 259277
152.439847397 -6964 5187 259175
152.446608289 -6938 5189 259090
152.45339618 -7130 5506 259253
152.460212071 -7088 5353 259472
152.467007962 -7128 5250 259383
152.473784853 -6938 5411 259541
152.480555745 -7303 5376 259322
152.487372636 -6948 5508 259207
152.494204526 -7182 5485 259476
152.501041417 -6923 5321 259481
152.507820308 -7018 5515 259682
152.5146112 -7170 5284 259129
152.521397091 -7240 5290 259140
152.528172982 -7170 5313 259424
152.534996873 -7150 5296 259322
152.541806764 -7006 5568 259186
152.548548656 -6986 5335 259410
152.555284548 -7024 5346 259318
152.562096439 -7110 5195 259646
152.568987329 -7271 5311 259351
152.57576322 -7227 5401 259324
152.582602111 -7109 5262 259354
152.589417002 -7019 5186 259394
152.596228893 -7287 5485 259538
152.603020784 -7154 5216 259150
152.609787676 -7041 5481 259532
152.616557567 -7010 5158 258973
152.62340946 -7335 5304 259306
152.630309356 -7054 5213 259050
152.637062255 -7159 5352 259611
152.643836153 -7080 5452 259391
152.650620052 -7097 5376 259432
152.65739295 -6959 5499 259281
152.664193848 -7193 5339 259255
152.670992746 -7154 5427 259262
152.677770644 -7030 5335 259332
152.684553542 -7136 5265 259160
152.69135844 -7027 5222 259520
152.698197337 -6863 5168 259261
152.705040235 -7096 5487 259337
152.711827133 -7166 5268 259160
152.718602031 -7249 5322 259184
152.725387929 -7017 5442 259418
152.732156828 -7116 5294 259482
152.738943726 -7083 5312 259052
152.745731624 -6912 5146 259574
152.752557521 -6921 5433 259247
152.75932842 -7131 5207 259125
152.766116318 -6896 5397 259525
152.772893216 -7087 5273 259426
152.779664114 -7162 5360 259113
152.786459012 -7107 5382 259218
152.793241911 -7340 5403 259310
152.800096808 -6957 5401 259184
152.806880706 -6985 5354 259300
152.813649604 -7145 5407 259566
152.820452502 -3502 66 262672
152.8272154 -9103 7585 261812
152.833986299 -7781 8119 255728
152.840833196 -3107 281 258922
152.847598095 -12381 5700 261442
152.854374993 -9054 4527 258483
152.861156891 -7936 5586 259883
152.867955789 -7621 5644 259295
152.874770687 -4938 5077 259526
152.881569585 -8649 5720 259958
152.888339483 -6061 5310 258782
152.895137381 -8009 5515 259968
152.901927279 -7630 5209 259635
152.908791176 -7171 5937 258843
152.915597074 -6812 5116 259443
152.922420971 -6936 5492 259368
152.92918787 -6965 5583 259458
152.935951768 -7196 5140 259404
152.942766666 -6855 5131 259261
152.949543564 -7088 5496 259131
152.956343462 -7226 5603 259237
152.96315436 -6965 5527 259377
152.969939258 -7005 5270 259538
152.976830154 -6800 5355 259228
152.983636052 -7249 5515 259328
152.99041895 -6987 5146 259328
152.997216848 -6982 5318 259316
153.004034746 -6973 5164 259323
153.010809644 -7234 5365 259557
153.017583543 -7084 5342 259207
153.024368441 -7025 5373 259619
153.031144339 -6861 5204 259269
153.037901238 -7144 5283 259086
153.044758135 -7339 5376 259567
153.051554033 -7224 5351 259567
153.05839893 -7049 5253 259026
153.065206828 -6950 5213 259164
153.072008726 -7218 5384 259338
153.078779624 -7277 5261 259381
153.085557522 -7235 5322 259378
153.09233742 -7247 5146 259542
153.099132318 -7125 5393 259377
153.115921066 -7168 5545 258946
153.122763964 -7131 5331 258919
153.129537862 -7193 5207 259332
153.13632676 -7238 5577 259321
153.143134658 -7162 5442 259430
153.149909556 -7154 5394 259229
153.156796453 -7110 5385 259272
153.163601351 -7111 5361 259238
153.170430248 -7068 5495 259291
153.177207146 -7139 5484 258882
153.184006044 -6905 5316 259431
153.190806942 -7076 5434 259589
153.197579841 -7095 5104 259499
153.204413738 -7211 5317 259444
153.211210636 -7090 5345 259168
153.217979534 -6886 5389 259354
153.224819432 -7050 5205 259314
153.231620329 -6956 5306 259337
153.238365228 -7143 5256 259392
153.245137127 -7154 5232 259551
153.251928025 -7159 5241 259417
153.258703923 -7184 5241 258988
153.265488821 -6945 5230 259388
153.272296719 -7203 5497 259177
153.279067617 -6967 5316 259361
153.285855515 -7203 5365 259218
153.292673413 -7183 5429 259392
153.299415312 -6984 5428 259470
153.306308208 -6978 5434 259231
153.313118106 -7075 5375 259405
153.319849005 -7074 5194 259388
153.326628903 -7160 5279 259381
153.333430801 -7029 5267 259167
153.340309698 -7189 5258 259030
153.347099596 -6818 5344 259385
153.353890494 -7114 5305 259063
153.360685392 -7194 5390 259169
153.36747529 -7202 5474 259288
153.374261188 -6872 5393 259147
153.381050086 -7189 5231 259669
153.387833984 -7036 4966 259104
153.394639882 -7190 5240 259455
153.40143378 -7197 5498 259481
153.408238678 -6998 5335 259322
153.415031576 -7083 5295 259446
153.421820474 -6916 5350 259278
153.428636372 -6756 5163 259071
153.43542727 -7267 5176 259433
153.442293167 -7013 5491 259328
153.449088065 -6981 5376 259147
153.455867963 -7182 5087 259393
153.462643861 -7040 5456 259273
153.469458759 -7132 5541 259603
153.476270657 -7314 5219 259224
153.483080555 -7047 5491 259175
153.489850453 -7049 5222 259373
153.496613351 -7108 5441 259340
153.503410249 -7009 5281 259468
153.510210147 -7010 5302 259525
153.517010045 -7004 5225 259420
153.523795943 -7022 5462 259462
153.530571842 -7252 5180 258953
153.53736874 -7013 5415 259360
153.544111638 -7268 5326 259233
153.550893537 -7209 5160 259382
153.557733434 -7091 5321 259419
153.564535332 -6921 5325 259227
153.57133323 -7032 5200 259065
153.578110128 -7116 5236 259390
153.584997025 -6934 5439 259463
153.591788923 -7197 5271 259153
153.598557821 -7051 5230 259380
153.605332719 -7119 5208 259404
153.612142617 -7129 5300 259655
153.618931515 -7141 5371 259354
153.625731415 -7064 5462 259653
153.632573319 -6881 5314 259660
153.639356224 -7082 5267 259235
153.646189128 -7279 5366 259244
153.653013032 -7077 5324 259288
153.659783936 -6954 5457 259359
153.66659184 -7041 5465 259233
153.673377745 -7005 5339 259038
153.680193649 -7019 5367 259191
153.686969554 -7240 5253 258888
153.693744458 -7135 5442 259332
153.700534363 -7007 5159 259423
153.707317267 -7129 5373 259484
153.714158171 -6980 5328 259362
153.721023074 -6957 5442 259469
153.727794979 -7107 5247 259204
153.734560884 -7120 5199 259464
153.741318789 -7080 5467 259017
153.748091693 -7064 5084 259328
153.754873598 -7131 5443 259249
153.761666502 -7161 5217 259223
153.768457407 -6997 5261 259595
153.775248311 -7136 5303 259409
153.782040216 -7074 5432 259443
153.78884812 -6978 5306 259281
153.795628024 -6884 5244 259304
153.802417929 -7146 5371 259325
153.809155834 -6968 5282 259455
153.815960738 -7062 5411 259185
153.822785642 -7028 5514 259257
153.829557547 -7104 5347 259071
153.836341451 -7135 5420 259373
153.84357535 -7079 5358 259347
153.850404253 -7061 5340 259322
153.857199158 -7182 5235 259287
153.863989062 -6950 5205 259517
153.870785967 -6902 5438 259311
153.877564871 -7238 5253 259525
153.884375775 -7171 5324 259117
153.89116768 -7135 5454 258988
153.897927585 -7008 5353 259436
153.904722489 -7069 5364 259385
153.911509393 -7105 5267 259515
153.918316298 -6916 5321 259584
153.925118202 -7025 5346 259227
153.931895107 -7064 5337 259148
153.938667011 -7229 5320 259118
153.945441916 -7066 5351 259259
153.952204821 -7221 5360 259169
153.959196722 -6777 5385 259414
153.965989627 -7140 5227 259309
153.97289053 -7277 5343 259165
153.979716434 -7081 5274 259140
153.986518338 -7137 5447 259509
153.993316242 -6999 5482 259486
154.000158146 -7055 5316 259714
154.00693605 -7097 5329 259386
154.013702955 -7060 5276 259139
154.020522859 -7150 5315 259188
154.027325763 -6975 5380 259421
154.034096668 -7113 5378 259217
154.040971571 -6921 5269 259272
154.047710477 -7104 5367 259365
154.054481381 -8630 3737 264260
154.061357285 -4901 4896 257161
154.068151189 -6324 7543 257473
154.074957093 -4048 -49 259093
154.08226899 -8102 4659 259617
154.089089894 -7008 4565 259327
154.095854799 -8636 5245 259615
154.102639704 -6528 5517 259193
154.109413608 -5745 5574 259321
154.116208513 -7742 5388 260116
154.123111415 -6529 5105 259045
154.12991032 -7336 5456 259352
154.136833222 -7510 5065 259371
154.143630127 -6878 5672 259190
154.150408031 -6991 4931 259531
154.157162936 -6885 5652 259458
154.163946841 -7290 5680 259423
154.170745745 -7103 5580 259686
154.17752365 -7069 5346 259738
154.184319554 -7139 5408 259509
154.191111458 -7243 5516 259116
154.197886363 -6929 5263 259705
154.204756266 -7192 5161 259317
154.21159817 -6860 5280 259333
154.218422074 -7209 5615 259358
154.225229978 -7058 5225 259008
154.232043882 -7083 5262 259751
154.238811787 -6953 5349 259220
154.245584692 -7232 5152 259110
154.252368596 -7184 5448 259334
154.259158501 -7017 5371 259338
154.265948405 -7065 5213 259515
154.27274131 -7068 5377 259663
154.279517214 -7298 5371 259408
154.286360118 -7123 5457 259329
154.293192022 -7060 5162 259169
154.299973926 -7260 5409 259617
154.306863829 -6838 5350 259398
154.313661734 -6990 5316 259506
154.320768634 -7223 5383 259534
154.327607537 -7038 5301 259424
154.334407442 -6983 5559 259498
154.341203346 -7098 5496 259354
154.347975251 -6944 5309 259662
154.354757155 -7288 5500 259430
154.36151706 -7139 5210 259378
154.368270965 -7152 5322 259373
154.375066869 -6975 5378 259348
154.381879774 -7093 5298 259340
154.388739677 -7249 5340 259250
154.395538581 -6866 5297 259142
154.402395485 -6955 5248 259263
154.409172389 -7124 5300 259177
154.415937294 -7172 5309 259239
154.422728199 -7158 5285 259579
154.429660101 -7014 5301 259427
154.436470005 -7110 5152 259253
154.44326891 -7398 5316 259415
154.450099813 -6995 5339 259189
154.456952717 -6831 4984 259556
154.463732622 -6982 5348 259383
154.470581525 -7053 5337 259470
154.47734143 -7166 5379 259474
154.484126335 -7232 5257 259499
154.490946239 -7113 5229 259657
154.497718143 -6842 5406 259471
154.504506048 -7148 5299 259139
154.511294952 -7080 5308 259275
154.518073857 -7345 5347 259657
154.524854761 -7108 5394 259534
154.531645666 -6993 5506 259459
154.53845657 -7121 5191 259466
154.545226475 -7015 5367 259121
154.552006379 -7077 5187 259013
154.558770284 -7085 5340 259359
154.565543189 -7085 5334 259095
154.572351093 -6880 5510 259578
154.579116998 -7128 5183 259178
154.585897902 -7099 5394 259423
154.592800805 -7202 5447 259388
154.59958171 -7018 5411 259236
154.606357614 -7098 5518 259359
154.613129519 -7028 5335 259388
154.619895424 -7082 5496 259032
154.626767327 -6813 5186 259192
154.633666232 -6932 5332 259405
154.640475142 -6961 5359 259117
154.647272053 -6900 5486 259310
154.654048963 -6896 5043 259453
154.660849874 -7079 5216 259273
154.667642784 -7152 5556 259183
154.674458694 -7139 5423 259346
154.681256604 -7164 5454 259274
154.688022515 -7058 5399 259356
154.694798426 -6949 5196 259251
154.701592336 -7260 5266 259104
154.708391246 -7149 5242 259057
154.715167157 -7170 5416 259451
154.721935068 -7106 5364 259179
154.728723978 -7009 5285 258988
154.735539888 -6999 5247 259330
154.742355798 -7245 5341 259403
154.749130709 -7100 5429 259461
154.755927619 -7007 5189 259242
154.76269853 -7130 5344 259237
154.769446441 -7035 5207 259408
154.776245351 -7023 5109 259184
154.783047261 -6973 5286 259107
154.789798172 -6955 5381 259465
154.796587083 -6971 5307 259201
154.803375993 -7051 5310 259284
154.810268902 -7020 5357 259197
154.817049813 -7109 5378 259337
154.823825723 -7019 5539 259225
154.830825631 -7118 5297 259357
154.837662541 -6994 5389 259485
154.844490451 -7123 5430 259449
154.851270361 -6989 5369 259536
154.858045272 -7040 5406 259542
154.865803169 -7096 5322 259587
154.872691078 -6833 5255 259234
154.879492989 -7048 5302 259328
154.886345898 -7168 5516 259561
154.893128809 -6931 5230 259116
154.899911719 -7237 5270 259504
154.906781629 -6889 5288 259194
154.913566539 -7193 5249 259500
154.92033845 -7192 5456 259196
154.92711936 -7063 5142 259199
154.933897271 -7267 5121 258988
154.94079718 -7203 5266 259252
154.94762009 -7003 5393 259266
154.954441 -6943 5462 259360
154.96123591 -7217 5433 259448
154.967987821 -6978 5145 259344
154.974843731 -7322 5151 259264
154.981660641 -7127 5475 259250
154.988436551 -7119 5393 259687
154.995213462 -7068 5457 259678
155.001990372 -6856 5374 259300
155.008823282 -7017 5391 259349
155.015594193 -6876 5269 259161
155.022381103 -7103 5376 259221
155.029151014 -6885 5411 259443
155.035939925 -7076 5299 259438
155.042731835 -6970 5314 259462
155.049495746 -7005 5334 259419
155.056269656 -7086 5364 259092
155.063069567 -6765 5396 259427
155.069837477 -7168 5360 259512
155.076677387 -7065 5147 259206
155.083525297 -7337 5342 258912
155.090372206 -6956 5330 259284
155.097131117 -6947 5130 259499
155.103916028 -6977 5357 259506
155.110712938 -7116 5367 259337
155.117458849 -6999 5149 259253
155.124250759 -7113 5257 259170
155.13104367 -6930 5329 259502
155.13784358 -7053 5222 259241
155.14466449 -7216 5488 259372
155.1514834 -7069 5342 259569
155.158259311 -7018 5217 259273
155.165036221 -7167 5436 259143
155.171818132 -7035 5264 259279
155.178631042 -7092 5528 259516
155.185442952 -6991 5440 259303
155.192245862 -6962 5194 259283
155.199014773 -7155 5410 259410
155.205773684 -6936 5058 259271
155.212800591 -7087 5281 259386
155.219602501 -7022 5247 259324
155.226438411 -7161 5398 259673
155.233228321 -6955 5265 259540
155.240072231 -7338 5235 259396
155.246883141 -6851 5341 259108
155.253685052 -7055 5357 259087
155.260493962 -7039 5448 259269
155.267281872 -7098 5387 259531
155.274070783 -7029 5240 259240
155.280932692 -6920 5199 259320
155.287717603 -7287 5192 259835
155.294480513 -7013 5391 259263
155.301246424 -7207 5182 259474
155.308034334 -6923 5085 259386
155.314802245 -7042 5383 259457
155.321596156 -7219 5411 259183
155.328376066 -7006 5107 259388
155.335140977 -7126 5414 258904
155.341917887 -6866 5372 259313
155.348891795 -7103 5401 259408
155.355720705 -7006 5407 259414
155.362658614 -7175 5418 259415
155.369441524 -6990 5430 259331
155.376216435 -7180 5463 259484
155.383002345 -6992 5416 259358
155.389797256 -6961 5560 259437
155.396618166 -6983 5355 259362
155.403433076 -6923 5370 259325
155.410288985 -6997 5230 259471
155.417030896 -6989 5258 259246
155.423805807 -7125 5420 259281
155.430608717 -7036 5261 258951
155.437381628 -7005 5452 259457
155.444171538 -7104 5322 259309
155.451169446 -6911 5400 259567
155.457970356 -7133 5246 259232
155.464841265 -7177 5314 259374
155.471631176 -21146 2288 256044
155.478402087 -10033 4416 255133
155.485196997 -8630 5610 261125
155.492002907 -1034 8091 260459
155.498773818 -5737 7701 259448
155.505550728 -7786 4264 262772
155.512334639 -6354 5612 257884
155.520202535 -7639 4512 259167
155.527028445 -6888 4732 259178
155.533812355 -6678 5396 258842
155.540650265 -6928 5380 259773
155.547393176 -6504 5742 259164
155.554266086 -7625 5727 260215
155.561085996 -7249 4579 258618
155.567893906 -6803 5082 259398
155.574700816 -7670 4863 259601
155.581544726 -7024 5331 259168
155.588336636 -7213 5580 259353
155.595145546 -7040 5331 259041
155.601935457 -6983 5141 259244
155.608708367 -6841 5025 259283
155.615483278 -7303 5280 259518
155.622276188 -7275 5101 259196
155.629022105 -7016 5326 259427
155.635833021 -7151 5273 259583
155.642665936 -7132 5367 259024
155.649435852 -7089 5367 259265
155.65775075 -7494 5333 259191
155.664588399 -7071 5614 259356
155.671386619 -6774 5427 259272
155.67817784 -6977 5461 259434
155.684951063 -7136 5193 259360
155.691729286 -7370 5197 259092
155.698517507 -7062 5187 259412
155.705287731 -6998 5437 259017
155.712055955 -7119 5441 259068
155.718851175 -6942 5158 259442
155.725631398 -7083 5320 259159
155.732440617 -7109 5101 259261
155.739224838 -7060 5487 259490
155.74601606 -7191 5499 259221
155.752821279 -7191 5185 259316
155.759592502 -7089 5346 258954
155.766357726 -7161 5157 259499
155.773261935 -7405 5282 259095
155.780159144 -6977 5369 259430
155.786944365 -6987 5423 259188
155.793690592 -7134 5447 259349
155.800525808 -7060 5329 259172
155.80730603 -7176 5207 259269
155.814084253 -6879 5313 259214
155.820866475 -7325 5179 259234
155.827643697 -6978 5376 259428
155.834426919 -7045 5155 259403
155.841209141 -7019 5477 259257
155.847990364 -7091 5418 259621
155.854767586 -7135 5355 259189
155.861579805 -6942 5249 259218
155.868386024 -6959 5112 259027
155.875181245 -7184 5251 259326
155.882007462 -7055 5379 258982
155.888978663 -7083 5050 259328
155.895750886 -7216 5211 259186
155.902608099 -6932 5218 259106
155.909386322 -7154 5539 259444
155.916166544 -6991 5157 259453
155.923608691 -7177 5221 259376
155.930421909 -7167 5480 258917
155.937206131 -7284 5337 259506
155.943989353 -7095 5276 259308
155.950778575 -7056 5479 259143
155.957559797 -7130 5128 259485
155.964382014 -7060 5343 259039
155.971187234 -6851 5191 259304
155.977971456 -7055 5188 259457
155.984833669 -7127 5450 259615
155.991614891 -6894 5351 259378
155.998396113 -6938 5290 259292
156.005171336 -6901 5258 259426
156.011951558 -7150 5324 259257
156.018720782 -7116 5295 259380
156.025509003 -7154 5145 259385
156.032293225 -6982 5352 259293
156.039066448 -7049 5292 259189
156.045898665 -6976 5427 259519
156.052823871 -6907 5366 259380
156.059619091 -6968 5101 259286
156.066436309 -7190 5530 259286
156.07323153 -7149 5375 259259
156.079996754 -6979 5354 259400
156.086874965 -7116 5382 259365
156.093641189 -6960 5243 259449
156.100412412 -7082 5162 259298
156.107208633 -7043 5286 259465
156.113996854 -6977 5184 259407
156.120875065 -7015 5361 259119
156.127709282 -6992 5287 259165
156.1345245 -7098 5236 259237
156.141319721 -6988 5123 259399
156.148088944 -7068 5292 259385
156.154866167 -7058 5217 258968
156.162225323 -6852 5316 259394
156.169068538 -6996 5343 259304
156.175870758 -7028 5217 259392
156.182680977 -6969 5228 259495
156.189524192 -7231 5245 259324
156.196318413 -7194 5375 258932
156.203092636 -7103 5450 259075
156.209868858 -7109 5290 259290
156.216756069 -6906 5344 259430
156.223551289 -6988 5284 259215
156.230322513 -7064 5469 259389
156.237097735 -7053 5393 259308
156.243911954 -7097 5261 259312
156.250686177 -6849 5383 259354
156.257428404 -6878 5343 259497
156.264204626 -7064 5423 259344
156.271030844 -7019 5492 259228
156.277813066 -7038 5246 259086
156.284711274 -6966 5295 259360
156.291513494 -7067 5235 259331
156.298300716 -6992 5305 259345
156.305071939 -7108 5306 259100
156.311875159 -7002 5279 259377
156.318645382 -7078 5469 259265
156.325420605 -7289 5237 259336
156.332222825 -6942 5137 259360
156.338991049 -7107 5411 259270
156.34577927 -7361 5267 259214
156.352614486 -7113 5463 259295
156.35938171 -6945 5232 259324
156.366137935 -6961 5191 259395
156.372944155 -7104 5416 259188
156.379754374 -6934 5098 259232
156.386564592 -7098 5355 259525
156.393352814 -7220 5256 259252
156.400261022 -7171 5532 259412
156.407049243 -7163 5351 259359
156.413833465 -6866 5074 259518
156.420692678 -7222 5464 259243
156.427470901 -7280 5302 259092
156.434299118 -6990 5316 259328
156.441085339 -6896 5383 259389
156.447855563 -7035 5262 259411
156.454633785 -7133 5328 259500
156.461443004 -7077 5279 259382
156.468220227 -6935 5320 259438
156.475246421 -7158 5312 259560
156.482183626 -6892 5367 259434
156.488996844 -6984 5446 259428
156.495770067 -6848 5324 259398
156.50254329 -7041 5495 259256
156.509280518 -7060 5302 259210
156.516053741 -6923 5375 258955
156.522851961 -6997 5301 259375
156.529628184 -7031 5448 259434
156.536403407 -7165 5149 259184
156.543181629 -7078 5171 259355
156.549923856 -7011 5352 259624
156.556756073 -7146 5188 259359
156.563539295 -7031 5334 259412
156.570370511 -7216 5425 259228
156.577141734 -7010 5431 259207
156.584217923 -7004 5257 259283
156.591014143 -7026 5293 259417
156.597779367 -7054 5256 258991
156.60464658 -7116 5279 259659
156.611422803 -6912 5436 259578
156.619109921 -7203 5205 259295
156.625946036 -7046 5357 259219
156.632829692 -6943 5257 259157
156.639587463 -7073 5372 259174
156.646356225 -7099 5295 259174
156.653123987 -7272 5082 259393
156.659892749 -7041 5250 259193
156.66674843 -6934 5342 259293
156.673515194 -7188 5464 259452
156.680373872 -7107 5199 259301
156.687195585 -7066 5233 259426
156.693975337 -7096 5465 259103
156.700757086 -7273 5402 259445
156.707522851 -7014 5468 259281
156.714302602 -7329 5347 259376
156.721104333 -7128 5285 259281
156.727869098 -7053 5328 259226
156.734647851 -6919 5498 259374
156.741425604 -7119 5400 259354
156.748195365 -7082 5399 259157
156.754973118 -7128 5295 259325
156.761761861 -7023 5407 259276
156.768562593 -7220 5348 259392
156.77534734 -7138 5447 259395
156.782380858 -7143 5172 259207
156.789251525 -7155 5420 259415
156.79602728 -7150 5509 259191
156.802814025 -7047 5248 259314
156.809578791 -7178 6053 255756
156.816332566 3548 4506 242135
156.823127304 -9628 6486 257406
156.829893068 -3542 2135 257078
156.836750748 -9513 5466 258423
156.843544486 -7220 5994 257861
156.850320241 -7961 4066 259733
156.857095996 -5735 6019 259103
156.863884739 -7341 6215 259386
156.870685472 -7460 5032 259889
156.877460228 -6545 5560 258316
156.884508731 -7339 5536 259389
156.891319454 -7281 5365 258685
156.898117189 -7035 5578 259513
156.904905932 -7216 5109 259487
156.911688681 -6997 5646 259690
156.918469431 -6793 5727 259330
156.925244187 -7269 5259 259106
156.932028934 -7068 5578 259578
156.938807687 -7059 5213 259467
156.945589436 -7211 5371 259398
156.952463101 -7123 5500 259736
156.959230864 -7144 5262 259240
156.966021605 -7139 5790 259385
156.972798359 -7128 5499 259421
156.979562125 -7127 5525 259551
156.986363856 -7047 5271 259417
156.993408364 -6999 5439 259353
157.000198106 -6889 5465 259118
157.006960873 -7077 5540 259108
157.013730634 -7173 5346 259413
157.020509386 -6897 5325 259524
157.02729713 -7114 5304 259320
157.034092867 -6947 5316 259527
157.040879612 -6917 5207 259136
157.047611408 -6952 5240 259325
157.054383166 -6993 5275 259564
157.061176905 -6961 5289 259324
157.067945666 -7085 5189 259602
157.074735409 -7371 5208 259332
157.081522154 -7300 5191 259339
157.088380832 -7029 5407 259334
157.09518656 -7213 5602 259454
157.101970308 -6885 5266 259561
157.108752057 -7058 5319 259632
157.115543798 -7096 5172 259406
157.122313558 -7067 5333 259334
157.129157251 -6960 5166 259570
157.135946993 -6994 5306 259423
157.142733738 -6978 5315 259459
157.149489512 -7204 5287 259083
157.156260271 -7211 5247 259295
157.163053011 -7157 5325 259309
157.169831763 -6803 5181 259065
157.17659453 -7283 5180 259307
157.183391266 -7017 5379 259149
157.190233959 -7013 5372 259040
157.197011713 -7146 5333 259197
157.203833425 -7106 5267 259305
157.210715083 -7152 5371 259464
157.217527804 -7022 5358 259549
157.224352514 -7111 5387 259149
157.231147252 -7172 5437 259058
157.237914015 -7130 5613 259068
157.244687772 -7030 5425 259223
157.25147152 -7113 5455 259517
157.258243278 -7009 5211 258982
157.265013039 -7194 5476 259398
157.271799784 -7110 5394 259257
157.278566548 -6958 5485 259478
157.285351294 -7114 5150 259284
157.29214803 -7008 5307 259156
157.298912795 -7092 5303 259608
157.305704536 -7118 5224 258951
157.312679108 -7081 5285 259328
157.319442874 -7038 5365 259304
157.326209637 -7115 5339 259088
157.333006373 -7148 5207 259381
157.339812101 -7162 5311 259367
157.346587856 -7081 5361 259061
157.353422556 -7286 5332 259161
157.360257257 -6884 5527 259281
157.367022022 -6866 5429 259141
157.373802773 -7051 5303 259536
157.380591516 -7158 5427 259328
157.387387253 -7162 5306 259228
157.394185987 -7175 5287 259302
157.400998708 -7244 5243 259301
157.407778459 -7086 5420 259420
157.414564205 -7159 5499 259175
157.421346954 -6936 5464 259162
157.428128703 -7045 5280 258991
157.434925439 -6989 5403 259249
157.441699196 -6860 5222 259179
157.448460964 -7023 5272 259387
157.455229726 -7233 5357 259443
157.462014473 -7103 5072 259219
157.468847175 -6933 5315 259215
157.475648906 -7161 5214 259191
157.482566531 -7067 5268 259351
157.489447189 -6897 5271 259098
157.496240928 -7068 5304 259315
157.50306264 -7225 5566 259155
157.509840394 -7109 5483 259479
157.516581181 -7137 5325 259196
157.523325965 -6997 5267 259506
157.530247585 -7002 5354 259282
157.537040325 -7092 5366 259578
157.543867033 -7082 5377 259181
157.550682751 -6908 5089 259125
157.55745451 -7064 5385 259300
157.56422527 -7155 5275 259184
157.571022006 -6999 5272 259323
157.577797761 -6915 5359 259261
157.584582508 -6831 5218 259376
157.591379243 -6947 5353 259340
157.59812103 -7258 5279 259520
157.604968719 -6978 5206 259443
157.61187835 -7098 5373 259353
157.618665095 -7001 5231 259236
157.625454904 -7008 5335 259482
157.632228834 -7074 5432 259168
157.639013755 -7288 5299 259277
157.645797676 -7121 5319 258981
157.652581598 -7208 5232 259248
157.65935353 -7142 5248 259444
157.666133455 -7017 5259 259500
157.672918375 -7140 5130 259286
157.679726275 -7194 5330 259367
157.686504202 -6941 5234 259414
157.69330311 -7073 5400 259257
157.700146978 -6891 5349 259107
157.706964869 -6905 5411 259638
157.713775766 -7141 5186 259474
157.720565682 -7062 5414 259121
157.72730864 -6919 5362 259495
157.734093561 -7167 5203 259179
157.740898463 -7171 5403 259638
157.74768738 -6993 5438 259270
157.754478295 -6967 5487 259417
157.761284197 -7011 5318 259223
157.768039145 -7194 5200 259297
157.774824065 -7218 5338 259257
157.781602991 -7105 5362 259018
157.788380918 -7107 5162 259333
157.795162841 -6902 5169 259621
157.801952757 -6893 5265 259471
157.808731683 -7089 5393 259274
157.815534587 -6927 5317 259247
157.822336493 -7054 5303 259520
157.829096436 -7099 5402 259236
157.835833399 -7254 5149 259184
157.842624314 -7047 5405 259583
157.849407237 -7183 5342 259565
157.856184164 -7179 5392 259336
157.862967087 -7239 5335 259164
157.869734023 -7222 5352 259228
157.876498962 -6999 5253 259615
157.883324846 -7064 5272 259427
157.890192692 -6887 5236 259295
157.897077523 -7099 5439 259128
157.903876431 -7012 5225 259205
157.910703314 -7222 5405 259115
157.917479242 -7263 5446 259272
157.924250175 -7056 5310 259476
157.9310301 -7113 5480 259365
157.937803032 -6980 5400 259098
157.944572966 -7188 5160 259186
157.951371874 -7148 5274 259241
157.958145804 -7136 5305 259261
157.964908744 -7023 5321 259351
157.971684673 -7240 5199 259398
157.978466596 -6932 5338 259680
157.985266503 -7352 5423 259489
157.99208839 -7101 5073 259203
157.998821358 -7040 5391 258914
158.005602282 -7032 5371 259497
158.012430164 -7029 5094 259419
158.019263041 -7115 5292 259724
158.026056954 -7131 5218 259269
158.032898823 -8022 4274 264671
158.039626795 1050 7980 250781
158.046368754 -8908 5379 256542
158.053157671 -7011 1050 256295
158.059935598 -7234 4708 259977
158.066784461 -7896 6006 258250
158.073561388 -6365 4207 259740
158.080322331 -7288 6010 258880
158.08710825 -7373 6225 259584
158.093909156 -7805 4756 259812
158.100694077 -7199 5702 258414
158.107470005 -7416 5501 259202
158.114284899 -6849 5160 258676
158.121088803 -6889 5546 259713
158.127859736 -7437 5156 259104
158.134634665 -7253 5569 259789
158.141387614 -6874 5505 259506
158.148139564 -7066 5328 259214
158.154922487 -6876 5659 259157
158.161709406 -7276 5244 259522
158.16850132 -7339 5380 259168
158.175329202 -7295 5445 259890
158.182112124 -7312 5464 259250
158.188890051 -7310 5521 259543
158.195669976 -6797 5474 259390
158.202441908 -6970 5153 259364
158.209239817 -6983 5275 259372
158.216146628 -6806 5334 259227
158.222965518 -7205 5181 259148
158.229734453 -7123 5362 259290
158.236497393 -6963 5446 259272
158.244192498 -7188 5262 259495
158.251060345 -6878 5405 259382
158.257837272 -7044 5348 259404
158.264695128 -7168 5440 259555
158.271490039 -7087 5344 259198
158.278264969 -6983 5335 258969
158.28507087 -7236 5222 259221
158.291879769 -6996 5341 259586
158.298623727 -7252 5279 259260
158.305393661 -7105 5349 259151
158.312181578 -7019 5430 259323
158.319134349 -7014 5459 259263
158.325941249 -7122 5052 259790
158.332765135 -7142 5394 259252
158.339519083 -7033 5193 259168
158.346288018 -7090 5357 259301
158.353067943 -6827 5254 259333
158.359872846 -7255 5427 259040
158.373408717 -6965 5248 259335
158.380248589 -7362 5240 259354
158.387103446 -6995 5280 259675
158.393912346 -7049 5160 259300
158.400717248 -7051 5425 259054
158.407486183 -6959 5331 259246
158.414273102 -7229 5373 259350
158.421094989 -6938 5188 259289
158.427880909 -7160 5437 259568
158.43468681 -7018 5360 259439
158.441485718 -7127 5394 259436
158.448267642 -7043 5431 259329
158.455139484 -7211 5231 259096
158.461916412 -7107 5411 259401
158.468679352 -7027 5501 259698
158.475451284 -7016 5412 259345
158.482215224 -7314 5311 259746
158.489007138 -7303 5496 259471
158.495801051 -7099 5223 259344
158.502589967 -7068 5434 259416
158.509358902 -7119 5069 259426
158.516139826 -7023 5205 259459
158.522974702 -7074 5204 259188
158.529836554 -7029 5249 259535
158.536616479 -7099 5434 259570
158.543399401 -7068 5483 259457
158.550295222 -6938 5364 259387
158.557073149 -7017 5304 259138
158.563825099 -7116 5398 259291
158.57059903 -7203 5234 259491
158.577388946 -7153 5597 259342
158.584164874 -7203 5565 259458
158.591051703 -6970 5274 259260
158.597833627 -7024 5231 259437
158.604609555 -7133 5340 259402
158.611401469 -7112 5441 259274
158.618236345 -6982 5189 259462
158.625072285 -6908 5385 259391
158.631877357 -7299 5239 259171
158.638649457 -7115 5259 259430
158.645424554 -7130 5288 259296
158.652200651 -6796 5416 259318
158.658982742 -6879 5315 259225
158.665775824 -7107 5294 259535
158.67256491 -7282 5348 259678
158.679329017 -6988 5315 259384
158.686096121 -7103 5487 259265
158.692901192 -7150 5244 259165
158.69967629 -7218 5199 259380
158.706521327 -7230 5291 259567
158.713309413 -7004 5214 259275
158.720203407 -7050 5432 259155
158.727060433 -7134 5390 259085
158.733871499 -7135 5210 259446
158.740663582 -6977 5315 259281
158.747423692 -7051 5098 259314
158.75419879 -6978 5320 259535
158.760978883 -6964 5267 259455
158.767744988 -7159 5397 259641
158.774522084 -6972 5177 259410
158.781290188 -7148 5407 259136
158.78815121 -7065 5333 259338
158.794934301 -7045 5373 259661
158.801698408 -7170 5344 258911
158.808472506 -7124 5321 259147
158.815248603 -6978 5476 259306
158.82203569 -6990 5243 259112
158.828802794 -7028 5262 259095
158.835606867 -7141 5483 259272
158.842401947 -7064 5500 259529
158.849161058 -7026 5340 259235
158.855953141 -7135 5440 259264
158.862844137 -7047 5360 259097
158.869618236 -6998 5265 259265
158.876381344 -6811 5486 259194
158.883147449 -6919 5402 259328
158.889932538 -6994 5258 259369
158.89679456 -7009 5466 259345
158.903586642 -6869 5324 259642
158.910373729 -7212 5261 259383
158.917132841 -6947 5373 259277
158.923897947 -7083 5380 259358
158.930832905 -6833 5312 259586
158.937635978 -7254 5176 259480
158.944438052 -7142 5382 259228
158.951230135 -7269 5151 259377
158.958012227 -7155 5270 259421
158.964789322 -7145 5286 259850
158.971572413 -7260 5312 259093
158.978390473 -6951 5229 259176
158.985193546 -7140 5223 258780
158.992063561 -7090 5239 259130
158.998862638 -7189 5486 259013
159.005648725 -7212 5319 259165
159.012425821 -6979 5319 259597
159.019194924 -7233 5409 259391
159.02598301 -7037 5313 259466
159.033006891 -7192 5374 259182
159.039863917 -7159 5471 259164
159.046754914 -7174 5449 259466
159.053512027 -6956 5433 259280
159.060307107 -7106 5301 259340
159.067080206 -7207 5242 259266
159.073867293 -6950 5382 259162
159.080655379 -7126 5256 259005
159.087425481 -7000 5398 259454
159.094227555 -7075 5342 259406
159.101025633 -6946 5250 259228
159.107797733 -7022 5409 259473
159.114574829 -7062 5326 259726
159.121361916 -7009 5199 259057
159.128146005 -7189 5455 259304
159.134939087 -7046 5132 259271
159.142000935 -7000 5143 259580
159.148768039 -7029 5253 259367
159.155523154 -7071 5380 259196
159.162358199 -6872 5432 259553
159.169145287 -7064 5302 259253
159.17598233 -7134 5613 259211
159.182788401 -7034 5297 259191
159.189560501 -6937 5271 259476
159.196330603 -7246 5436 259404
159.203121686 -6954 5284 259327
159.209970719 -7124 5419 259484
159.216840734 -7175 5343 259290
159.223620827 -7126 5498 259295
159.230493839 -7126 5486 259071
159.237292916 -7096 5425 259486
159.244338778 -7190 5296 258759
159.251122867 -6980 5318 259393
159.257884976 -7136 5320 258973
159.264655078 -7257 5324 259256
159.271450158 -7023 5431 258894
159.278187289 -7145 5310 259149
159.284972377 -6950 5249 259354
159.291794434 -7251 5295 259299
159.298546552 -7207 5354 259373
159.305330641 -7171 5357 259392
159.312110734 -6947 5336 259122
159.318873842 -7098 5410 259412
159.325655934 -7128 5098 259697
159.332404055 -7215 5263 259359
159.339140186 -7055 5318 259339
159.345939263 -7213 5410 259144
159.352756324 -6847 5236 259547
159.359512438 -6996 5353 259220
159.366360472 -7209 5320 259127
159.373156551 -7161 5497 259293
159.379925654 -6959 5342 258975
159.386803662 -7109 5350 259348
159.393610731 816 8516 269539
159.400406811 -8317 4814 272113
159.407143941 -9486 6568 257037
159.413921037 -4852 3533 256926
159.420722112 -9084 3761 260995
159.427488217 -8626 3982 260156
159.434255322 -8126 6197 260085
159.441044407 -6666 5660 259131
159.447855473 -6285 5098 258964
159.454658546 -6843 5522 260136
159.461452627 -6248 5222 259260
159.468235718 -8103 5946 259631
159.475009816 -7346 5139 260066
159.481802898 -6799 5616 259093
159.488571001 -6936 5085 259480
159.495376073 -6810 5614 259016
159.502261075 -7155 5508 259483
159.509022184 -7140 5429 259332
159.515786291 -7075 5364 259337
159.522564386 -7039 5435 259351
159.529324497 -7141 5497 259102
159.536109586 -6977 5256 259035
159.542881686 -7154 5345 259067
159.549701744 -6859 5514 259286
159.556517806 -7096 5410 259140
159.563303894 -7123 5355 259373
159.570225863 -6896 5425 259662
159.577017946 -6826 5092 259346
159.583804034 -7207 5511 259632
159.590582129 -7027 5592 259356
159.597455141 -7107 5339 259537
159.604260213 -6929 5240 258881
159.6110473 -7107 5459 259362
159.617834387 -7243 5460 259382
159.624613591 -7160 5439 259248
159.631489766 -7138 5200 259250
159.638322977 -6846 5260 259261
159.645113225 -7234 5440 259213
159.651969416 -6987 5268 259466
159.65875267 -6941 5238 259445
159.665526931 -7140 5402 259259
159.672300193 -6897 5310 259390
159.679080449 -7073 5340 259336
159.68585471 -6924 5316 259760
159.692647955 -7048 5252 259275
159.699423215 -6919 5451 259553
159.706225453 -6942 5284 259165
159.7130167 -7180 5252 259616
159.719784966 -7189 5416 259057
159.726582208 -7181 5525 259398
159.733372455 -7105 5266 259582
159.740214659 -7160 5339 259049
159.747008903 -6849 5343 259256
159.753904062 -7113 5406 259179
159.760714292 -7073 5558 259396
159.767502541 -7243 5227 259756
159.774274804 -7045 5389 259203
159.781072046 -7165 5247 259072
159.787837315 -7195 5275 259255
159.794612575 -7005 5233 259022
159.801387835 -7260 5239 259251
159.808178083 -6999 5110 259563
159.815031277 -7094 5268 259305
159.821866487 -7053 5365 259414
159.828605777 -7268 5394 259265
159.835411012 -7051 5283 259150
159.842205256 -7155 5321 259421
159.848945546 -7083 5181 259279
159.855753779 -7161 5277 259134
159.86256301 -7149 5191 259322
159.869314291 -7076 5298 259526
159.876085554 -6849 5412 259172
159.882909773 -7081 5290 259186
159.889749978 -7245 5483 259455
159.896569202 -7208 5286 259374
159.903399415 -7090 5384 259176
159.91018067 -7157 5451 259188
159.916913966 -7171 5437 259324
159.923677237 -7245 5227 258981
159.930466485 -7118 5398 259305
159.937242745 -6772 5338 259354
159.944028996 -7078 5423 259227
159.950809252 -6873 5122 259200
159.957612488 -7139 5312 259446
159.964428714 -7065 5289 259370
159.971218961 -7056 5279 259299
159.977997219 -7148 5347 259168
159.984792462 -7194 5262 259394
159.991569721 -6800 5357 259453
159.998352975 -7215 5300 259184
160.005151215 -7026 5342 259365
160.011932471 -6986 5637 259364
160.018723717 -6970 5352 259492
160.025592898 -6962 5342 259460
160.032355169 -7045 5380 259404
160.039164401 -7124 5289 259273
160.045910686 -6992 5440 259165
160.052682948 -7034 5266 259433
160.05949218 -7117 5639 259376
160.066305408 -7207 5378 259266
160.073075673 -7189 5428 259390
160.079815962 -7180 5149 259409
160.086596218 -7130 5377 259134
160.093419438 -7117 5348 259421
160.100211684 -6979 5498 259367
160.106980949 -7009 5441 259470
160.113752213 -7184 5231 259168
160.121563596 -7131 5258 259124
160.128360837 -6993 5230 259274
160.135258993 -7139 5229 259461
160.142065227 -7249 5337 259123
160.148828498 -7204 5405 259571
160.155600761 -7053 5401 259467
160.162420983 -6967 5417 259322
160.169202238 -7200 5376 259610
160.17596351 -7047 5266 259301
160.182736772 -6965 5331 259310
160.18963293 -7041 5206 259275
160.196419181 -7007 5297 259506
160.203215423 -7039 5266 259115
160.209982691 -6949 5294 259411
160.21684188 -7166 5433 259213
160.223637123 -7226 5422 259549
160.230429369 -6805 5433 259165
160.237202631 -7458 5391 259302
160.243977891 -7092 5423 259137
160.250745158 -7041 5196 259251
160.257523416 -7070 5299 259087
160.264331648 -7068 5508 259395
160.271119898 -7198 5478 259284
160.277876174 -6990 5308 259338
160.284641443 -7155 5353 259410
160.291440683 -7002 5322 259493
160.298198957 -7221 5319 259282
160.304972219 -7149 5420 259292
160.31178245 -7053 5308 259219
160.31854572 -7062 5354 259263
160.325355951 -7063 5435 259337
160.332167181 -6966 5191 259479
160.338930451 -7042 5183 259484
160.345699717 -6875 5403 259176
160.352531929 -7180 5299 259484
160.359275216 -6934 5367 259164
160.366090442 -7083 5184 259575
160.372937642 -7168 5407 259124
160.379694917 -7089 5455 259698
160.386462184 -7114 5369 259260
160.393334363 -7121 5338 259458
160.400190554 -6938 5193 259287
160.406989794 -7022 5177 259245
160.413785038 -7125 5297 259313
160.420577283 -7176 5278 259463
160.42734555 -6974 5293 259233
160.434102825 -7172 5426 259233
160.440900067 -7091 5371 259337
160.447752262 -6951 5266 259441
160.454535515 -7060 5453 259200
160.46138871 -7092 5470 259473
160.468199939 -7144 5356 259283
160.474996182 -6969 5069 259410
160.481777437 -7128 5252 259345
160.488563688 -7088 5403 259300
160.49536093 -7095 5324 259629
160.502188146 -7187 5340 258834
160.508955413 -6918 5220 259467
160.515719683 -7071 5364 259074
160.52256988 -7251 5322 258968
160.529397096 -6937 5391 259399
160.536197335 -7066 5194 259254
160.542973594 -7069 5464 259346
160.549741861 -7125 5331 259176
160.556478154 -6966 5382 259086
160.564149655 -6957 5255 259349
160.571614331 -7064 5272 259279
160.578417568 -6984 5355 259335
160.585208814 -7120 5263 259482
160.591979079 -7170 5463 259241
160.59885925 -7075 5232 259350
160.605655493 -7136 5499 259260
160.612418763 -7204 5391 259142
160.619168046 -7126 5338 259345
160.625951437 -7045 5196 259292
160.632764824 -7170 5346 259214
160.639534247 -7140 5385 259324
160.646324652 -7106 5296 259349
160.653153027 -7128 5452 259049
160.659914456 -7056 5536 259186
160.666761815 -7098 5282 259466
160.673598183 -6909 5419 259245
160.680758284 -6981 5286 259225
160.687551687 -7220 5184 259084
160.694323108 -7098 5212 259022
160.701228419 -7278 5505 259158
160.708004836 -7065 5193 259479
160.714764267 -7249 5357 259443
160.721538686 -7383 5231 259365
160.728347077 -6840 5195 259011
160.735143478 -6852 5322 259373
160.741931885 -6951 5340 259180
160.748760259 -7008 5369 259466
160.755538675 -643 4420 263838
160.762320088 -4783 1710 260161
160.769089511 -7978 8048 260721
160.775902897 -8214 3569 261484
160.782707291 -6496 5646 256253
160.789459728 -4458 7239 260889
160.796215163 -8638 4361 257386
160.803001572 -7299 4592 259255
160.809780986 -8062 4970 259016
160.816574389 -7020 5556 259226
160.823357801 -6992 5589 259220
160.830196167 -6437 5580 258431
160.837023542 -7206 5542 260218
160.843817944 -7611 4788 258934
160.850621339 -6893 5338 258967
160.857385766 -7470 4690 259543
160.864182167 -6956 5648 258896
160.870965578 -7050 5786 259429
160.877736 -6916 5276 259502
160.884518413 -7470 5200 259410
160.891311816 -6834 5109 259451
160.898096226 -6867 5283 259040
160.905061488 -7058 4941 259422
160.91185589 -7291 5282 259386
160.918700251 -7393 5513 259242
160.925490657 -7296 5443 259372
160.932271071 -6980 5445 259402
160.939039495 -7112 5350 259332
160.945804921 -7230 5087 259972
160.952592329 -6926 5542 259355
160.959337772 -6927 5361 259325
160.966094205 -7015 5326 259462
160.972931572 -6884 5321 259360
160.979739963 -7025 5297 259098
160.986551351 -7124 5398 259207
160.993316777 -7091 5549 259408
161.000248067 -6926 5369 259347
161.007054459 -6942 5332 259238
161.013861851 -7136 5182 259176
161.020649259 -7035 5164 259521
161.027410689 -7285 5443 259451
161.034176115 -7080 5349 259303
161.040961524 -7186 5316 259152
161.04770297 -7008 5413 258986
161.054470395 -6916 5317 259517
161.061262799 -7094 5380 259506
161.068027226 -7077 5290 259365
161.074796649 -7095 5256 259417
161.081850837 -7270 5374 259306
161.088691202 -7128 5185 259314
161.095472615 -7207 5110 259434
161.102369932 -7088 5458 259178
161.109156341 -7132 5476 259731
161.11590578 -7073 5524 259238
161.122674204 -7191 5532 259498
161.129447624 -7154 5333 259477
161.136247022 -7033 5361 259291
161.143033431 -6966 5276 259319
161.149824836 -6984 5273 259252
161.156579271 -7148 5448 259314
161.163371675 -7332 5311 259264
161.170207044 -6774 5374 259432
161.176970471 -7219 5329 259456
161.18395172 -7057 5314 259215
161.190899995 -7146 5301 259316
161.197693398 -7167 5208 259674
161.204481806 -7100 5257 259435
161.2112862 -6951 5096 259252
161.218045631 -7154 5218 259377
161.22482005 -7049 5263 259431
161.231590472 -7320 5304 259153
161.238363891 -7181 5205 259489
161.245145304 -6903 5252 259211
161.251932713 -7100 5334 259450
161.258716124 -7235 5236 259198
161.265489544 -6999 5427 259459
161.272265961 -6912 5243 259238
161.279032386 -7251 5313 259498
161.285847771 -7213 5159 259464
161.292730101 -7093 5325 259220
161.299480539 -7236 5311 259322
161.306305916 -7158 5175 259214
161.31309832 -7116 5519 259144
161.319872739 -7174 5469 259585
161.326726093 -6918 5514 259300
161.333508505 -7014 5524 259371
161.340291916 -6976 5303 259311
161.347073329 -7106 5279 259322
161.353853743 -7046 5304 259301
161.360641151 -6938 5463 259670
161.367435554 -7172 5255 259379
161.374228957 -6996 5177 259337
161.381009371 -7002 5506 259295
161.387802774 -7310 5452 259543
161.394611165 -7233 5378 259164
161.401410563 -7069 5434 259048
161.408206963 -7027 5464 259568
161.415002365 -7062 5264 259373
161.421790772 -7114 5373 259470
161.428641128 -7026 5298 259298
161.435428537 -7289 5285 259528
161.442225936 -7037 5418 259219
161.448988365 -7100 5388 259525
161.455774774 -7051 5162 259510
161.462559185 -7194 5241 259572
161.469318616 -7015 5397 259326
161.476101028 -7006 5370 259626
161.482872449 -7094 5193 259355
161.489673846 -7269 5414 259083
161.496491229 -7177 5218 259242
161.503286631 -7020 5464 259085
161.510297854 -7060 5325 259419
161.517092257 -7119 5283 259152
161.523951605 -7216 5171 259390
161.530739014 -7249 5384 259185
161.537509436 -6873 5436 259664
161.544363789 -6963 5301 259360
161.551121221 -7032 5196 259389
161.557962585 -7015 5225 259092
161.564747995 -7089 5184 259232
161.571537401 -7089 5376 259164
161.578296832 -7158 5031 259243
161.585067254 -6918 5273 259336
161.591870649 -7127 5087 259045
161.598672046 -7198 5423 259207
161.605465449 -7059 5258 259485
161.612237869 -7208 5510 259486
161.619028275 -7206 5449 258969
161.625803787 -7127 5350 259255
161.632581356 -6984 5357 259175
161.639351931 -7076 5163 259269
161.646139492 -7067 5162 259317
161.652913064 -7088 5383 259348
161.65968164 -6812 5327 259528
161.666445221 -7069 5408 259391
161.673252766 -7098 5229 259381
161.680108272 -7110 5277 259489
161.686882844 -7038 5324 259463
161.693755337 -7110 5268 259363
161.700846655 -6965 5335 259477
161.707636214 -7170 5429 259028
161.714403791 -7114 5329 259112
161.721197348 -7105 5304 259392
161.727991903 -7018 5194 259332
161.734787458 -7203 5446 259153
161.741624979 -7012 5268 259231
161.74843752 -7062 5480 259193
161.755213091 -7042 5407 259588
161.761981667 -7094 5454 259134
161.768757238 -7014 5449 259351
161.775560786 -6920 5330 259225
161.782338355 -7215 5299 259449
161.789100936 -7034 5418 259630
161.795900488 -6930 5357 259409
161.802710031 -7067 5297 259175
161.809479607 -6899 5236 259464
161.81625218 -6860 5266 259242
161.823050732 -6999 5170 259310
161.829831299 -7222 5280 259115
161.83659388 -7144 5168 259227
161.843378444 -7028 5111 259185
161.850211968 -7056 5286 259484
161.856987539 -7114 5195 259190
161.86385004 -7019 5337 258761
161.871547872 -7194 5310 259099
161.878355417 -7058 5509 259558
161.885146975 -6966 5258 258980
161.891935535 -7093 5418 259584
161.898739083 -7287 5065 259469
161.905553623 -7104 5223 259772
161.912341184 -7149 5268 259364
161.919135739 -6751 5369 259239
161.925916306 -7222 5307 259363
161.932727848 -7093 5264 259367
161.939506416 -6979 5429 259349
161.946270996 -7062 5325 259332
161.953060555 -7060 5235 259047
161.959883088 -7153 5576 259569
161.966728603 -7026 5311 259414
161.973598098 -6921 5290 259442
161.980389656 -6988 5316 259318
161.98716123 -6830 5288 259089
161.993929807 -6936 5264 259178
162.000713371 -6887 5441 259108
162.007530908 -6910 5384 259251
162.014309476 -7191 5232 259068
162.021087045 -7144 5304 259358
162.027864615 -7071 5317 259375
162.034717124 -7083 5270 259261
162.041514677 -7200 5356 258903
162.048261271 -6951 5072 259556
162.055029847 -7034 5235 259102
162.06181541 -6977 5311 259305
162.06857899 -7106 5419 259308
162.075361555 -6981 5400 259288
162.082148117 -7241 5248 259277
162.088909699 -7237 5353 259351
162.095704255 -6952 5438 259403
162.102620712 -7220 5164 259149
162.109511191 -7194 5253 259081
162.116305747 -7026 5379 259002
162.123083316 -7085 5161 259457
162.129867879 -7105 5465 259353
162.136679421 -7388 5461 259406
162.143460987 -6983 5258 259219
162.150260539 -7067 5198 259393
162.157001137 -7117 5376 259088
162.163790697 -7041 5387 259432
162.170598242 -7157 5387 259158
162.177363821 -7072 5348 259461
162.184124403 -6944 5406 259366
162.190918959 -7003 5190 259432
162.19770652 -7080 5464 259580
162.204486087 6577 4965 248698
162.211511458 -9916 2409 268657
162.218306014 -11149 6134 260816
162.225090577 -4618 8301 256295
162.231912111 -9470 4278 260065
162.238684684 -7839 2968 259913
162.245490231 -8383 6719 259189
162.25228079 -7424 5711 259754
162.259050365 -6156 4301 259099
162.265875896 -7641 5734 259968
162.272681442 -7617 4479 259395
162.279459012 -7829 5803 260101
162.286244574 -7366 4872 259709
162.293020145 -6299 5724 258816
162.299808705 -6975 4977 259435
162.306619248 -7000 5824 259309
162.313461765 -7368 5411 259518
162.320310277 -7194 5388 258955
162.327099837 -7040 5054 259192
162.3338854 -6967 5159 259626
162.340663968 -7029 5739 258636
162.347397572 -7081 5463 259430
162.354182136 -7075 5244 259568
162.360991679 -6793 5736 259125
162.367768249 -7295 5563 258825
162.374560806 -7248 5302 259254
162.381365354 -7123 5312 259094
162.388126936 -6772 5169 259233
162.394899509 -7316 5258 259182
162.402901097 -7091 5398 259097
162.409763598 -7212 5410 259247
162.416562151 -7050 5375 259174
162.423369696 -6938 4998 259501
162.43027816 -7058 5263 259119
162.437150653 -7009 5506 259047
162.443952203 -7100 5373 259553
162.450734768 -6892 5253 259317
162.457501346 -7114 5222 259160
162.464274918 -7026 5333 259239
162.471062479 -7161 5339 259156
162.477843046 -7014 5229 259390
162.484621614 -7075 5294 259192
162.491475123 -7096 5369 259069
162.498238703 -7097 5268 259261
162.505027263 -7122 5232 259560
162.511951715 -7110 5159 259434
162.518753265 -7064 5409 259071
162.525536829 -7153 5437 258990
162.532301408 -7135 5366 259310
162.539080976 -7055 5445 259075
162.545838561 -7018 5424 259460
162.552596146 -6946 5501 259305
162.559390702 -7119 5411 259262
162.566163275 -7060 5118 259436
162.573042762 -7115 5303 259213
162.579896271 -7143 5217 259376
162.586749779 -7117 5262 259298
162.593538339 -7101 5132 259569
162.600328898 -7096 5453 259322
162.607117458 -7116 5297 259401
162.614126842 -6878 5344 259159
162.621043306 -7184 5365 259209
162.627820024 -7051 5277 259112
162.634559771 -6952 5322 259084
162.641335489 -7020 5334 259331
162.6481222 -7069 5271 259441
162.6549209 -6992 5270 259553
162.661762568 -6987 5529 259344
162.668542283 -7009 5270 259319
162.675331991 -6941 5177 259098
162.68210771 -7023 5358 259319
162.688869439 -7153 5391 259169
162.695640162 -7011 5429 259328
162.702410885 -7141 5262 259393
162.709210585 -6990 5281 259269
162.715984305 -7055 5410 259381
162.723203678 -6891 5306 259245
162.729986391 -7035 5351 259326
162.736976942 -6924 5389 259281
162.743757657 -6991 5175 258994
162.750542369 -6944 5308 259291
162.757326081 -6916 5396 259390
162.764090809 -6993 5326 259433
162.770856535 -7078 5420 259000
162.777645244 -7036 5193 259357
162.784412969 -7117 5257 259146
162.791238648 -6935 5261 259376
162.79798439 -7127 5301 259291
162.804864028 -7167 5226 259189
162.811692706 -7011 5478 259574
162.818670267 -7015 5434 258944
162.825498944 -7008 5311 259234
162.83229165 -6965 5313 259449
162.839074363 -6960 5282 259352
162.845871065 -7012 5498 259084
162.852647783 -7070 5148 259273
162.859505438 -7023 5260 259325
162.866261173 -7114 5332 259364
162.87305188 -7096 5357 259511
162.879817606 -7236 5522 259605
162.88658633 -7082 5222 259452
162.893375039 -6826 5365 259348
162.900234692 -6903 5373 259197
162.907020403 -7074 5198 259332
162.913823101 -7071 5420 259407
162.920625798 -7260 5274 259517
162.927645327 -7030 5355 259309
162.93444103 -6885 5429 259138
162.941213751 -7126 5519 259212
162.947995465 -6985 5198 259354
162.954793167 -7080 5436 259204
162.961590868 -7221 5294 259273
162.968353597 -7199 5135 259243
162.975207255 -7001 5253 258915
162.981985972 -7020 5466 259250
162.988817647 -7181 5324 259013
162.995609353 -7036 5335 258967
163.002394065 -7134 5371 259057
163.009183772 -6941 5346 259084
163.015964487 -7097 5384 259119
163.022758192 -6939 5265 259431
163.029564886 -6852 5320 259302
163.036356593 -7172 5320 259623
163.043099337 -7064 5388 259272
163.049833088 -6991 5280 259414
163.05675969 -6945 5220 259368
163.063534409 -7218 5302 259206
163.07032012 -7014 5215 259632
163.07709384 -6841 5396 259297
163.083874555 -6815 5454 259250
163.090664263 -7202 5304 259489
163.097434985 -7128 5432 259284
163.104206707 -7031 5274 259400
163.111104331 -7053 5444 259164
163.11788005 -7099 5383 259246
163.124722716 -7153 5112 259271
163.131542401 -7078 5374 259443
163.138305129 -7098 5554 259599
163.145082847 -6815 5405 259270
163.151876551 -7111 5402 258971
163.158653269 -7029 5387 259171
163.165444975 -7101 5415 259454
163.172231686 -7125 5136 259063
163.179065359 -7141 5523 259398
163.185832085 -7140 5305 259225
163.192718717 -7143 5386 259374
163.199492437 -6802 5455 259068
163.206287141 -7247 5242 259188
163.213089839 -7264 5211 259229
163.219854566 -6929 5563 259333
163.226595312 -7023 5322 259385
163.233392015 -7010 5374 259280
163.240305626 -6921 5365 259427
163.247200252 -7152 5244 259377
163.253999952 -6955 5482 259167
163.26078866 -7057 5279 259165
163.267554387 -7036 5522 259395
163.274327108 -7164 5241 259209
163.281116816 -7159 5105 259126
163.287887538 -7040 5299 259426
163.294662258 -6924 5252 259310
163.30142099 -7040 5271 259412
163.308206701 -7053 5294 259403
163.315053364 -7055 5475 259378
163.32185806 -6879 5418 259547
163.328624786 -7254 5398 259395
163.335422488 -6999 5218 259685
163.342233179 -7090 5374 259602
163.349022887 -6934 5328 259263
163.3558056 -6959 5316 259323
163.362596307 -7116 5212 259219
163.369390012 -7104 5338 259318
163.376157737 -7185 5277 259137
163.382955438 -7165 5346 259828
163.389728159 -7210 5359 259315
163.396538851 -6876 5254 258969
163.40331357 -6999 5271 259060
163.410184215 -7118 5274 259315
163.416993907 -7171 5344 259407
163.423763631 -7107 5153 259355
163.430559334 -7017 5282 259526
163.43735104 -6950 5068 259369
163.444121763 -7082 5227 259333
163.45098941 -7152 5470 259714
163.457768126 -7150 5338 259431
163.464551838 -7170 5241 259217
163.471337549 -7006 5398 259253
163.47811127 -6938 5287 259216
163.484888987 -7155 5443 259527
163.491675697 -7170 5093 259342
163.498434429 -7055 5323 259197
163.505199156 -7165 5359 259116
163.512005851 -7043 5451 259414
163.518877495 -7058 5537 259085
163.525677195 -7202 5285 259335
163.53252186 -6988 5257 259306
163.53932056 -6977 5313 259218
163.546092282 -7011 5420 259238
163.552863005 -7020 5407 259248
163.559644719 -6886 5271 259206
163.566426433 -7070 5405 259319
163.573211145 -7078 5294 259221
163.579980868 -7047 5227 259220
163.586912465 -7078 5315 259553
163.593691182 -7238 5276 259539
163.60053185 -6824 5410 259453
163.607290582 -7163 5521 259315
163.614075293 -7157 5374 259364
163.620870014 -7136 5390 259328
163.631315094 -7007 5222 259611
163.638168897 -6949 5460 259247
163.644999717 -7032 5422 259544
163.651762589 -7101 5218 259475
163.658548444 -6835 5313 259526
163.665325305 -7118 5340 259526
163.672119153 -7510 5352 259357
163.678854047 -6915 5406 259511
163.685621915 -6979 5355 259327
163.692426755 -7122 5407 259196
163.699197621 -7020 5446 259214
163.705962491 -7124 5360 259407
163.71275534 -7184 5452 259286
163.719527205 -7177 5310 259643
163.726317057 -7211 5287 259180
163.733082926 -7021 5315 259110
163.739844799 -7215 5307 259330
163.747349109 -7240 5459 259215
163.754142957 -7103 5359 259197
163.760951794 -7120 5333 259007
163.767721661 -7224 5324 259028
163.774591452 -7002 5406 259231
163.781375308 -7203 5199 259108
163.788210125 -7055 5302 259420
163.79498299 -7017 5348 259193
163.801731872 -7116 5281 259180
163.808510732 -7041 5386 258985
163.815274603 -7059 5295 259432
163.822054462 -7246 5333 259289
163.828845313 -6934 5257 259299
163.835629169 -6944 5220 259313
163.842427014 -7000 5397 259301
163.849206873 -7030 5434 259606
163.855982735 -6793 5315 259289
163.86276759 -6880 5394 259115
163.869526465 -6999 5445 259607
163.876322312 -6986 5256 259457
163.883101172 -7145 5231 259293
163.889866043 -6921 5261 259257
163.896709853 -6912 5454 259466
163.903490711 -7182 5428 259087
163.910293553 -7098 5334 259475
163.917117379 -7139 5359 259814
163.923946201 -6996 5173 259301
163.930774023 -7118 5394 259274
163.937597849 -7150 5349 259493
163.944430668 -7290 5219 259291
163.951241503 -6977 5157 259353
163.958031355 -7024 5092 259039
163.965021055 -7134 5350 259410
163.971873858 -7137 5307 259267
163.97868969 -7135 5379 259180
163.985470549 -7049 5377 259350
163.992253405 -7169 5303 259352
163.999017276 -7248 5475 259390
164.00581812 -6955 5240 259049
164.012615965 -6993 5211 259331
164.019423803 -7077 5194 259151
164.026202663 -7092 5355 259155
164.033004505 -7005 5278 259250
164.039780367 -7175 5555 259191
164.046771066 -6956 5325 259437
164.053546928 -6928 5396 259265
164.06032379 -6851 5153 259505
164.067135624 -7249 5500 259215
164.073905491 -7245 5289 259376
164.080662367 -7064 5259 259439
164.087436231 -7016 5121 259193
164.094264054 -6912 5301 259313
164.101055904 -6775 5450 259153
164.107994642 -7098 5301 258878
164.114813472 -7159 5365 259225
164.121615314 -7137 5286 259516
164.128395173 -7122 5199 259337
164.135170036 -7179 5475 259165
164.141968881 -6803 5261 259095
164.148962577 -7050 5218 259331
164.155851354 -6804 5474 259060
164.16268717 -6985 5210 259232
164.169494009 -6995 5236 259477
164.176260878 -6954 5410 259435
164.183052728 -7096 5349 259171
164.189814601 -7111 5517 259238
164.196589463 -7110 5428 259203
164.203443266 -7135 5096 259269
164.210245109 -7289 5439 259239
164.217053946 -7115 5440 259434
164.2238398 -6966 5295 259296
164.230625655 -7130 5297 259552
164.237377535 -6988 5305 259290
164.244150399 -6917 5236 259202
164.250940251 -6867 5443 259288
164.257936945 -7113 5199 259061
164.264736789 -7138 5221 258799
164.271543628 -7035 5497 259326
164.278309498 -7222 5315 259207
164.285096351 -7062 5284 259077
164.291904189 -7228 5318 259259
164.298647076 -6852 5238 259077
164.30540795 -6995 5321 259425
164.312214788 -6914 5131 259359
164.318989651 -6983 5142 259281
164.325788496 -7229 5234 259366
164.332575349 -7079 5439 259530
164.339345216 -7184 5457 259252
164.346114083 -7076 5239 259425
164.352935911 -7229 5341 259367
164.359729759 -6992 5195 259252
164.366512616 -7174 5337 259252
164.373315457 -6991 5430 259283
164.38016926 -7078 5165 258982
164.386940126 -7143 5280 259581
164.393721984 -7272 5276 259585
164.400541812 -6891 5461 259577
164.407305684 -6981 5326 259530
164.41416748 -7135 5229 259313
164.420979315 -6860 5428 258995
164.427794148 -7033 5241 259294
164.434565014 -7307 5304 259332
164.441358862 -7218 5229 259247
164.448102748 -7032 5340 259752
164.454880609 -6804 5199 259427
164.461715426 -7015 5407 259207
164.468521266 -7031 5195 259262
164.475290133 -7169 5182 259300
164.48221788 -7074 5289 259384
164.489017724 -7010 5285 258989
164.495897507 -7112 5341 259485
164.502693354 -6817 5334 259268
164.509468217 -7244 5312 259170
164.516274056 -7117 5567 259270
164.52304692 -7128 5321 259295
164.529811791 -6931 5298 259176
164.536571665 -7128 5188 259372
164.543339533 -7129 5184 259218
164.550171353 -7047 5277 259219
164.556947215 -6959 5313 259438
164.563754053 -6834 5390 259406
164.570533913 -7062 5346 259054
164.577377723 -7049 5357 259445
164.58417357 -7098 5333 259630
164.590942437 -7150 5256 259135
164.597847202 -7359 5311 259476
164.604642049 -7104 5368 259116
164.61152483 -7215 5435 259390
164.618299693 -7186 5313 259212
164.625095593 -7213 5307 259279
164.631878589 -7118 5468 259369
164.638650593 -7208 5241 259306
164.645465565 -6971 5316 259268
164.652240567 -7278 5352 259194
164.658983592 -7004 5276 259413
164.665786573 -7011 5346 259267
164.672682486 -6945 5297 259479
164.679464482 -7192 5295 259012
164.68627146 -7053 5501 258919
164.693054456 -7090 5138 259243
