348.934083678 -7001 5318 259008
348.9396371 -7061 5267 259614
348.945161524 -7022 5308 259252
348.950682949 -6848 5448 259178
348.956163378 -7154 5568 259200
348.961636808 -6983 5385 259148
348.967103239 -6887 5325 259523
348.972585668 -7183 5261 259428
348.978083095 -6982 5336 259373
348.983557525 -7014 5220 259164
348.989033954 -6973 5439 259147
348.994516383 -6905 5512 259500
348.999981814 -7064 5322 259580
349.00549524 -7206 5420 259472
349.01096167 -7006 5450 259326
349.0164321 -7179 5524 259627
349.021940526 -6968 5424 259368
349.027404957 -6923 5415 259399
349.032866388 -6996 5461 259774
349.038331819 -6978 5409 259118
349.043816248 -6991 5399 259245
349.049322674 -7169 5561 259391
349.054816102 -6970 5355 259484
349.060301531 -7015 5286 259367
349.065771961 -7192 5388 259361
349.071243391 -7157 5347 259358
349.076740818 -7137 5472 259537
349.082250244 -7022 5301 259286
349.087720674 -7038 5327 259077
349.093211103 -6945 5296 259375
349.098687532 -6891 5349 259268
349.104155962 -6919 5299 259670
349.109624393 -7035 5338 259314
349.115105822 -7118 5474 259187
349.120586251 -7060 5313 259139
349.126077679 -7102 5572 259620
349.131563108 -7051 5367 259325
349.137030538 -6933 5166 259363
349.142511967 -7029 5470 259607
349.147986397 -7140 5496 259461
349.153478825 -7103 5472 258956
349.158957254 -7098 5487 259417
349.164438683 -7152 5381 259251
349.169912113 -6798 5353 259268
349.175439537 -7114 5473 259342
349.180918966 -7024 5244 259364
349.186390396 -6882 5459 259314
349.191861826 -6954 5163 259198
349.197315258 -7153 5449 259273
349.202777689 -7015 5528 259396
349.20824512 -7102 5446 259409
349.213721549 -7038 5318 259109
349.219182981 -7251 5316 259428
349.224652411 -7081 5237 259468
349.23012984 -7096 5416 259376
349.235593271 -7050 5286 259322
349.241049703 -6979 5550 259320
349.246521133 -6960 5427 259537
349.251981564 -7019 5529 259548
349.257465993 -7046 5410 259556
349.26296842 -7064 5456 259335
349.26843685 -7177 5322 259622
349.273916279 -6879 5386 259206
349.27938471 -7123 5384 259176
349.284882137 -7093 5358 259669
349.290366566 -7203 5212 259651
349.295833996 -7036 5556 259540
349.301319425 -7064 5360 259588
349.306791855 -7014 5150 259358
349.312271284 -7035 5343 259358
349.317744714 -7091 5367 259023
349.323229143 -7055 5254 259718
349.328689574 -7112 5614 259472
349.334163004 -7124 5274 259326
349.339633434 -7081 5358 259405
349.345112863 -6955 5260 259588
349.350604291 -7123 5431 259758
349.356204708 -7203 5364 259207
349.361981106 -7151 5295 259376
349.367462535 -7038 5385 259476
349.372950963 -7031 5401 259301
349.378423393 -7072 5292 259173
349.383893823 -7080 5400 259424
349.389371253 -6937 5384 259302
349.394850682 -7078 5416 259198
349.400331111 -7103 5327 259399
349.405805541 -6945 5245 259547
349.411325966 -7002 5477 259494
349.416798396 -7097 5264 259272
349.422273825 -7076 5444 259447
349.427742256 -7216 5270 259430
349.433208686 -7065 5544 259265
349.438661118 -7063 5385 259251
349.444153546 -7134 5430 259268
349.449640975 -7062 5607 259282
349.455110405 -7069 5289 259479
349.46063283 -7100 5438 259734
349.466150255 -6962 5413 259233
349.471636684 -7092 5308 259392
349.477108114 -7343 5226 259280
349.482591542 -7116 5146 259685
349.488050974 -7147 5311 259167
349.493535402 -7065 5425 259326
349.499006832 -6929 5229 259683
349.504468264 -7001 5418 259230
349.509925695 -7097 5500 259318
349.515454119 -7179 5414 259350
349.520942548 -7099 5268 259604
349.526410978 -7037 5491 259380
349.531881408 -7123 5289 259380
349.53733584 -7108 5454 259199
349.542818269 -7190 5456 259395
349.548313696 -6979 5526 259573
349.553800125 -7098 5461 259683
349.559274555 -7033 5540 259473
349.564796979 -7078 5427 259315
349.570296407 -7020 5340 259562
349.575765837 -7163 5401 259540
349.581240267 -7020 5333 259373
349.586715696 -7026 5391 259330
349.592184127 -7163 5383 259390
349.597637559 -7092 5488 259468
349.603429955 -7135 5410 259234
349.608920383 -7119 5165 259426
349.614395813 -7027 5236 259391
349.619865243 -7046 5523 259326
349.625334674 -7013 5378 258976
349.630830102 -6817 5408 259349
349.636292533 -6972 5443 259261
349.641774962 -7178 5331 259323
349.647254392 -7135 5470 259457
349.652774817 -7154 5322 259443
349.658242248 -6943 5333 259727
349.663721677 -6947 5384 259263
349.669192108 -6981 5484 259372
349.674663538 -7209 5166 259323
349.680147967 -7148 5252 259623
349.685660393 -7226 5584 259244
349.691151822 -7102 5415 259508
349.69663925 -7083 5305 259084
349.702112681 -6897 5302 259335
349.707580111 -6994 5299 259544
349.713053541 -6748 5470 259331
349.718520972 -6939 5430 259366
349.724000402 -7245 5439 259497
349.729465833 -6996 5374 259319
349.734929264 -7042 5401 259367
349.740409693 -7066 5536 259484
349.745882124 -7084 5376 259402
349.751378552 -7060 5250 259744
349.756837983 -6983 5284 259607
349.762301414 -6864 5448 259396
349.767796842 -7110 5407 259406
349.77329027 -7135 5303 259619
349.778818695 -6986 5492 259670
349.784291125 -7085 5388 259184
349.789770555 -7118 5403 259370
349.795256983 -7023 5244 259390
349.800742412 -6977 5492 259486
349.806212843 -6877 5482 259560
349.811693272 -7065 5393 259773
349.817157703 -6968 5638 259268
349.822631134 -6867 5344 259518
349.828096565 -6857 5392 259390
349.833580994 -6910 5231 259349
349.83909242 -7176 5428 259666
349.844607846 -7321 5424 259363
349.85013227 -6952 5562 259392
349.855606701 -6937 5177 259454
349.86108413 -6876 5596 259449
349.866548561 -7085 5403 259273
349.872044989 -7085 5261 259255
349.87751442 -7123 5247 259176
349.88298785 -6991 5393 259493
349.888475279 -7193 5397 259447
349.893970707 -6911 5325 259119
349.899444137 -7079 5342 259427
349.904910568 -7189 5374 259795
349.910393997 -7017 5316 259378
349.915900423 -7167 5286 259484
349.921388852 -6974 5299 259076
349.926857283 -7015 5349 259328
349.932337712 -7109 5275 259274
349.937804143 -7275 5548 259149
349.943263575 -7086 5410 259542
349.948756003 -6984 5596 259626
349.955514299 -7120 5447 259503
349.962346588 -7095 5598 259521
349.969128882 -7108 5437 259220
349.975943173 -6885 5381 258991
349.98278546 -6919 5475 259412
349.989570754 -6991 5430 259518
349.996352048 -7165 5592 259354
350.003116344 -6912 5450 259324
350.00987564 -7258 5403 259468
350.016746925 -7107 5431 259589
350.023529218 -6939 5500 259289
350.030350508 -7150 5465 259388
350.037129802 -7209 5466 259538
350.043904097 -6986 5439 259511
350.05088737 -7011 5263 259657
350.057701661 -7012 5297 259202
350.064515951 -7083 5239 259716
350.071312244 -6993 5505 259614
350.078102537 -7069 5333 259385
350.084881831 -7132 5439 259242
350.091679123 -7067 5394 259489
350.098470416 -6929 5477 259296
350.10525271 -6961 5343 259512
350.112041004 -6946 5316 259409
350.118823298 -7015 5453 259251
350.12562359 -7050 5527 259116
350.132417882 -6870 5409 259399
350.139245171 -6954 5533 259353
350.146036464 -7033 5344 259401
350.152822758 -7084 5393 259107
350.159678044 -6997 5253 259756
350.166481336 -6959 5436 259483
350.173289627 -6889 5437 259474
350.18017591 -7234 5248 259444
350.186971203 -6987 5554 259187
350.193772495 -7100 5617 259378
350.200565787 -7188 5067 259299
350.207336083 -6818 5401 259250
350.214133375 -7024 5388 259520
350.220917669 -6986 5313 259316
350.227687964 -7241 5357 259281
350.234475257 -7298 5629 259506
350.241247552 -7086 5371 259250
350.248107838 -6745 5299 259118
350.254879133 -7094 5135 259143
350.261666426 -7134 5334 259362
350.268445721 -6910 5216 259558
350.275327004 -6990 5392 259227
350.282171292 -6835 5446 259291
350.288961585 -7223 5436 259112
350.29573188 -7006 5437 259358
350.302703154 -6954 5391 259301
350.309501446 -7129 5438 259698
350.316322736 -7082 5484 259526
350.323119029 -7096 5291 259210
350.329895323 -7050 5339 259483
350.336786606 -7056 5375 259350
350.343576899 -7195 5304 259355
350.350391189 -7195 5372 259598
350.357197481 -7020 5434 259363
350.36402477 -7017 5266 259293
350.370824062 -7188 5414 259645
350.377597357 -7083 5425 259269
350.384410648 -7089 5416 259566
350.391261934 -6969 5361 259452
350.398043228 -7044 5347 259600
350.40485152 -6999 5502 259207
350.411656811 -7010 5612 259133
350.418493099 -7084 5236 259461
350.425281393 -7109 5503 259260
350.432058687 -7204 5302 259217
350.439832878 -7151 5149 259444
350.446752157 -7204 5333 259553
350.453564448 -7097 5343 259283
350.460322745 -6879 5517 259408
350.467112038 -6879 5484 259289
350.47390633 -6909 5410 259651
350.480711622 -7175 5436 259232
350.487536911 -7147 5385 259145
350.494361201 -7056 5241 259466
350.501157493 -6879 5221 259097
350.50791079 -7062 5369 259237
350.514697084 -7041 5127 259234
350.521505375 -7062 5445 259296
350.52827367 -7045 5463 259144
350.535152954 -6999 5331 259271
350.541928249 -6959 5211 259400
350.548766537 -7141 5423 259447
350.555567829 -7097 5271 259426
350.562343123 -7131 5253 259553
350.569148415 -7148 5338 259337
350.575931709 -6783 5333 259363
350.582732001 -7055 5313 259505
350.589614284 -7002 5337 259112
350.596402578 -6839 5387 259471
350.603253864 -6950 5405 259428
350.61011215 -7110 5360 259635
350.616890445 -7135 5452 259406
350.623671739 -6898 5460 259459
350.630472031 -7042 5375 259138
350.637252326 -7208 5514 259027
350.644049618 -7178 5311 259549
350.65085391 -6957 5326 259490
350.657622206 -6916 5341 259301
350.664389502 -6993 5355 259341
350.671296783 -6987 5392 259262
350.678086077 -7113 5380 259382
350.684895368 -7124 5229 259478
350.691720658 -7158 5448 259301
350.698506952 -7005 5344 259534
350.705283247 -7008 5411 259394
350.71207554 -7049 5326 259397
350.718824838 -6882 5495 259317
350.725612132 -7200 5456 259565
350.732396426 -7134 5361 259461
350.739264711 -7126 5233 259315
350.746044006 -7014 5574 259272
350.752846298 -7148 5573 259525
350.759671588 -6969 5167 259245
350.766454882 -7010 5432 259300
350.773268173 -6853 5288 259335
350.78011946 -7126 5446 259490
350.786883756 -6992 5401 259385
350.793719045 -7051 5403 259340
350.800519337 -6943 5331 259314
350.807287633 -7116 5247 259417
350.814075927 -6908 5356 259335
350.820855221 -7055 5419 259489
350.827628517 -7316 5285 259409
350.83441881 -7058 5500 259499
350.841220102 -6921 5473 259347
350.848047392 -7123 5268 259359
350.854870682 -6926 5463 259488
350.861667975 -7214 5445 259515
350.868498264 -7111 5316 259490
350.875343552 -6962 5186 259429
350.882125846 -6967 5258 259336
350.888892142 -7031 5511 259341
350.895698434 -7098 5523 259362
350.902585717 -6959 5654 259426
350.909374011 -7157 5441 259385
350.916168304 -6906 5398 259490
350.922947598 -7072 5203 259363
350.929685897 -7031 5436 259155
350.936492189 -7087 5431 259145
350.943289482 -7039 5208 259231
350.950173766 -7013 5429 259551
350.956976058 -6975 5387 259079
350.963762352 -7120 5456 259196
350.970527648 -6980 5085 259193
350.977319941 -7200 5460 259454
350.984095236 -7116 5382 259394
350.990894528 -7009 5339 259581
350.99770782 -7000 5339 259446
351.004606102 -6895 5181 259339
351.011382397 10615 -4961 290249
351.018156692 -14983 5232 261529
351.024930987 -10247 9004 262122
351.031731279 -8549 3859 260092
351.038514573 -4273 5641 258760
351.045316866 -10869 5788 260026
351.052132157 -6028 5512 258228
351.058899452 -7144 5781 259573
351.065663749 -7628 5035 258649
351.072442043 -6267 5096 259349
351.079243336 -7407 4987 259092
351.086196612 -7026 5704 259435
351.093013903 -7014 5410 259751
351.099815195 -6720 5099 259495
351.106620487 -7200 5218 259323
351.113421779 -7108 5144 259504
351.120222072 -6817 5714 259387
351.127087357 -7303 5378 259862
351.133879651 -7144 5470 259491
351.140715939 -7152 5051 259534
351.147498233 -7050 5292 259368
351.154301526 -7045 5333 259422
351.161106817 -6954 5310 259476
351.167872114 -7042 5341 259300
351.174652408 -7146 5436 259515
351.181471698 -7113 5454 259444
351.188254993 -7078 5383 259340
351.195051285 -7017 5321 259741
351.201893573 -7090 5447 259397
351.208692866 -6983 5380 259529
351.215473161 -6857 5402 259704
351.222254455 -6968 5268 259373
351.22902975 -6981 5225 259527
351.235823043 -6884 5316 259288
351.242619336 -6932 5229 259177
351.249383632 -7102 5491 259227
351.256160927 -7060 5293 259496
351.263029212 -6992 5305 259435
351.269823505 -7029 5437 258984
351.276673792 -6926 5335 259257
351.283462086 -7034 5424 259601
351.290254379 -7096 5281 259305
351.297026675 -6784 5388 259416
351.303865963 -6966 5367 259125
351.310699252 -6888 5386 259618
351.317484546 -6965 5342 259296
351.324281839 -7186 5320 259271
351.331113128 -7114 5508 259248
351.337884423 -7020 5379 259452
351.34464772 -7172 5648 259283
351.351425014 -6936 5272 259660
351.358235306 -6987 5394 259365
351.3650206 -6896 5294 259368
351.371809893 -7032 5472 259573
351.378595187 -7210 5416 259347
351.385370482 -7188 5407 259155
351.392163775 -7127 5480 259310
351.399016062 -6995 5522 259274
351.405843352 -6963 5568 259520
351.412700639 -7013 5437 259010
351.419480933 -7135 5209 259255
351.426257228 -7017 5455 259400
351.433036523 -6856 5320 259215
351.439776821 -7032 5357 259425
351.446574114 -7171 5364 259262
351.453423401 -6988 5479 259413
351.460236692 -7075 5222 259238
351.467003988 -6898 5339 259272
351.473794282 -6935 5491 259529
351.480561577 -6966 5374 259470
351.487347871 -7064 5395 259685
351.494158163 -7131 5582 259260
351.500940457 -7097 5433 259517
351.507723751 -6919 5516 259222
351.514494047 -6932 5533 259088
351.521348333 -7050 5551 259511
351.528152625 -7056 5319 259290
351.53502991 -6987 5331 259334
351.541810204 -7169 5439 259439
351.548644493 -7232 5315 259369
351.555442786 -7195 5402 259228
351.562217081 -7073 5425 259349
351.569017373 -7208 5266 259218
351.575782669 -7200 5456 259226
351.583193898 -7016 5384 259186
351.590078182 -6856 5400 259174
351.596864476 -6881 5358 259488
351.603726762 -6943 5376 259484
351.61056405 -6990 5288 259269
351.617355344 -6820 5454 259540
351.624168635 -7044 5400 259536
351.631052919 -7038 5408 259633
351.637831214 -7146 5322 259494
351.644665503 -7132 5432 259430
351.651463796 -7207 5479 259193
351.658242091 -6951 5459 259459
351.665045384 -6993 5331 259257
351.671842677 -6898 5566 259736
351.678605974 -6933 5334 259433
351.685411266 -7084 5499 259430
351.692235556 -7027 5383 259338
351.699050847 -7057 5402 259315
351.705829142 -7010 5373 259479
351.712658432 -6945 5578 259565
351.719454725 -6954 5185 259467
351.726256018 -7026 5349 259110
351.733051311 -6854 5291 259457
351.739813608 -7234 5211 259688
351.746654897 -6930 5412 259481
351.753456189 -6923 5423 259390
351.760263481 -7118 5320 259216
351.767049776 -6870 5441 259251
351.77383507 -7040 5465 259172
351.780677358 -6864 5391 259394
351.787459653 -7097 5489 259253
351.794247947 -7160 5400 259455
351.801074237 -7053 5417 258980
351.807848533 -7318 5337 259359
351.814689821 -6984 5397 259628
351.821505112 -6853 5461 259210
351.828284407 -6898 5259 259164
351.835128695 -6968 5482 259365
351.841929988 -6874 5452 259217
351.84873528 -7090 5595 259300
351.855520575 -6970 5178 259416
351.862312868 -6988 5575 259545
351.869102162 -6958 5371 259323
351.875878458 -6996 5366 259305
351.882661752 -7107 5412 259423
351.889401051 -7064 5532 259299
351.896182346 -6856 5292 259171
351.903025634 -7042 5367 259275
351.909817928 -7043 5202 259223
351.916738208 -7026 5363 259498
351.923561499 -7037 5189 259368
351.930361791 -7023 5672 259322
351.937144086 -7052 5305 259143
351.943928381 10560 -58 212593
351.950722674 -19512 2435 272767
351.957519967 -12081 4541 264242
351.96432226 -11835 4870 258988
351.971208543 -4859 3519 259057
351.977954842 -6735 5556 261176
351.98470514 -7392 4894 259288
351.991483435 -5723 5361 261434
351.998280728 -8313 5064 258514
352.005068022 -6010 5504 259702
352.011902311 -7792 5229 259191
352.018715603 -6426 5666 258880
352.025518895 -7292 5519 259819
352.032335186 -6956 4943 259483
352.039104482 -6967 5421 259197
352.045906775 -7170 5320 259577
352.052707068 -6988 5560 259514
352.059493362 -7281 5612 259180
352.066283656 -7149 5362 259157
352.07307195 -7116 5023 259202
352.079809249 -7198 5490 259448
352.086569546 -6996 5491 259480
352.093389837 -7360 5394 259153
352.100204128 -6932 5528 259203
352.107034418 -6960 5307 259183
352.11383571 -7038 5436 259162
352.12086098 -7012 5466 259363
352.127665272 -7040 5069 259509
352.134472564 -7060 5329 259050
352.141256859 -6763 5423 259182
352.148026155 -7076 5345 259301
352.154829447 -7096 5293 259174
352.161640739 -7216 5201 259512
352.168413034 -7228 5333 259318
352.175199329 -7221 5248 259261
352.181992622 -7022 5413 259691
352.189637827 -7215 5444 259544
352.196545109 -7090 5443 259228
352.203377398 -7146 5497 259183
352.210224686 -7010 5144 259223
352.216997982 -7173 5194 259328
352.223820272 -7030 5350 259520
352.230654561 -7025 5303 259506
352.237442856 -7204 5509 259467
352.244245148 -6879 5352 259185
352.251128432 -7079 5153 259387
352.257893729 -7221 5614 259308
352.264669024 -7015 5063 259126
352.271479316 -7073 5584 259434
352.27826261 -7025 5419 259534
352.285040905 -7054 5637 259751
352.291815201 -6907 5594 259501
352.298599495 -7099 5429 259304
352.30538179 -6980 5470 259515
352.312169084 -7105 5311 259621
352.318953379 -7157 5332 259326
352.325809666 -7150 5466 259494
352.332658953 -7034 5325 259294
352.339429249 -7077 5295 259169
352.346202545 -7072 5442 259383
352.352999838 -7102 5360 259457
352.359799131 -7010 5492 259565
352.366585425 -7120 5532 259128
352.373388717 -7029 5387 259543
352.380239005 -7002 5238 259480
352.387097292 -6952 5452 259206
352.393850589 -7093 5590 259246
352.400634884 -7090 5331 259648
352.407426178 -7016 5264 259419
352.41423047 -6967 5268 259453
352.421009765 -7149 5362 259336
352.428004037 -6965 5569 258996
352.434860324 -7121 5320 259306
352.441669616 -7265 5220 259181
352.448436912 -6949 5514 259128
352.455209208 -6947 5608 259323
352.4620175 -6970 5439 259536
352.468802794 -7103 5266 259342
352.475602087 -7032 5352 258959
352.482390381 -7108 5383 259218
352.489181675 -7113 5586 259452
352.495954971 -7116 5414 259355
352.50279126 -7155 5407 259300
352.509550557 -7296 5440 259407
352.516363848 -6848 5220 259460
352.523279129 -6964 5463 259571
352.530143415 -7069 5354 259723
352.537182683 -6978 5445 259313
352.543968977 -7076 5385 259539
352.550816265 -7096 5270 259128
352.557584561 -6949 5429 259324
352.564478844 -6979 5356 259380
352.571317133 -7024 5626 259664
352.578090429 -6970 5398 259723
352.584863724 -6911 5412 259356
352.59164002 -6921 5303 259445
352.598408316 -7095 5180 259337
352.605185611 -6918 5343 259563
352.611995903 -7283 5371 259184
352.618786196 -7150 5455 259160
352.625575491 -6896 5450 259476
352.632369784 -7075 5422 259088
352.639174077 -7059 5495 259097
352.64597437 -7104 5314 259628
352.652775663 -7011 5410 259247
352.659568957 -6890 5290 259024
352.666354252 -7046 5360 259385
352.673146546 -7206 5470 259410
352.679917842 -7092 5370 259401
352.68695711 -6923 5379 259553
352.693756404 -7072 5483 259243
352.700570695 -7009 5304 259414
352.70735299 -6996 5383 259178
352.714147284 -7017 5277 259572
352.720943578 -7115 5233 259134
352.727719873 -7064 5462 259256
352.734504168 -6886 5312 259239
352.741321459 -7108 5412 259377
352.748110754 -7006 5203 259210
352.754892049 -7104 5380 259369
352.761671344 -6950 5495 259688
352.768473637 -7039 5490 259440
352.775259932 -6960 5452 259538
352.782041227 -7146 5496 260074
352.788823522 -7302 5288 258953
352.795611816 -7070 5387 259149
352.802375113 -7061 5334 259218
352.809167407 -7229 5281 259349
352.815933704 -7055 5284 259183
352.82279599 -7092 5284 259481
352.829586285 -7068 5365 259449
352.836453571 -7135 5187 259467
352.84328986 -7008 5425 259476
352.850152147 -7208 5310 259557
352.856994436 -7340 5468 259169
352.86378673 -6920 5394 259412
352.870605021 -7195 5285 259606
352.877393315 -7175 5263 259459
352.88418161 -7170 5240 259414
352.891066894 -7100 5515 259267
352.897829191 -7110 5532 259198
352.904607486 -7163 5694 259508
352.911421778 -7012 5258 259535
352.918212072 -7028 5444 259202
352.925012365 -7091 5526 259320
352.93180266 -7045 5506 259470
352.938572956 -7064 5177 259372
352.945396247 -7084 5157 259126
352.952208538 -6960 5313 259425
352.959003832 -7145 5306 259353
352.965823123 -7000 5330 259259
352.972624416 -6929 5372 259301
352.979401712 -6844 5438 259265
352.986174008 -6947 5491 259597
352.992975301 -7133 5473 259488
352.999755596 -6974 5451 259210
353.006493896 -7176 5461 259186
353.013277191 -7091 3951 258184
353.020141477 -6948 -22835 283690
353.02694777 -12003 9750 252373
353.033759062 -3996 1546 254830
353.040531358 -5970 4379 257001
353.04734365 -2341 3545 256838
353.054200937 -6765 7065 260223
353.06100523 -7305 4830 256984
353.067783525 -6930 4804 259949
353.074581818 -7208 5677 260015
353.081373112 -7044 5091 258248
353.088149408 -6658 5370 259428
353.094966699 -6811 5453 259263
353.101735996 -7180 5396 259756
353.10852529 -7211 5192 258927
353.115321584 -7166 5205 259702
353.122141875 -7091 5095 259439
353.128915171 -6957 5478 259318
353.135689466 -6879 5531 259192
353.142541754 -6831 5445 259234
353.149348047 -7022 5241 259166
353.156140341 -7131 5457 259377
353.163005627 -7164 5176 259154
353.169781923 -7034 5522 259569
353.176555219 -7005 5484 259437
353.183331514 -7044 5343 259348
353.190184802 -7051 5365 259191
353.196983095 -7047 5250 259305
353.203789388 -6923 5362 259185
353.210558684 -7071 5281 259065
353.217348978 -7073 5392 259407
353.224130273 -7287 5435 259564
353.230951564 -6979 5365 259402
353.237702863 -7270 5331 259327
353.244526153 -7119 5389 259457
353.251360443 -7018 5248 259365
353.25811974 -7062 5506 259406
353.264902035 -7196 5639 259242
353.271720327 -7154 5402 259603
353.278500622 -6959 5360 259440
353.285358909 -6855 5330 259098
353.292160202 -7042 5353 259214
353.299016489 -6977 5418 259417
353.305779786 -7125 5267 259484
353.31267307 -7171 5352 259466
353.319455365 -7297 5404 259424
353.326249658 -6932 5513 259419
353.333046952 -6963 5355 259356
353.339841246 -6975 5261 259263
353.346609542 -6988 5430 259025
353.353425834 -6923 5178 259138
353.360274122 -7072 5407 259297
353.367072415 -6702 5286 259142
353.373973698 -7051 5577 259076
353.380765992 -6973 5375 259130
353.387542287 -7209 5418 259318
353.394337581 -7023 5422 259329
353.401126875 -7170 5391 259646
353.407882173 -7085 5315 259365
353.414701464 -7055 5396 259340
353.421499758 -7109 5455 259148
353.428359045 -7074 5317 259210
353.435157338 -7213 5497 259701
353.441955631 -7140 5350 259233
353.448693931 -7169 5411 259221
353.455508223 -6965 5275 259470
353.462335513 -7197 5398 259290
353.469165803 -6988 5491 259090
353.475966096 -7095 5384 259352
353.482753391 -6881 5464 259419
353.489526686 -7071 5408 259248
353.496301982 -7163 5270 259544
353.503068279 -7067 5380 259501
353.509816577 -7001 5576 259329
353.516565876 -7177 5406 259411
353.523707134 -6943 5311 259501
353.530596417 -7005 5237 259474
353.537381712 -7281 5523 259400
353.544162007 -7072 5180 259489
353.550959301 -6829 5243 259617
353.557765593 -7060 5354 259349
353.564618881 -7032 5501 259140
353.571432173 -7022 5609 259317
353.578206469 -6840 5102 259137
353.584984764 -7239 5235 259315
353.591775058 -6996 5388 259284
353.598531356 -7198 5307 259473
353.605328649 -7217 5441 259451
353.612123943 -7134 5332 259366
353.619040224 -7009 5622 259061
353.625847517 -6976 5370 259417
353.632655809 -7100 5495 259322
353.639431106 -7008 5432 259244
353.646229399 -6973 5384 259207
353.653008695 -6853 5452 259094
353.659785991 -6888 5263 259430
353.666600283 -7004 5377 259042
353.673417574 -7089 5203 259566
353.680211869 -6793 5500 259309
353.686988165 -7130 5209 259173
353.693857451 -6950 5495 259368
353.700650745 -6969 5212 259643
353.707425041 -6860 5339 259183
353.714208337 -7221 5484 259514
353.720978633 -6973 5365 259516
353.727771927 -6900 5469 259423
353.73457822 -7027 5304 259701
353.741359516 -6869 5282 259297
353.748134812 -6989 5517 259215
353.755004098 -7123 5337 259353
353.762068364 -7164 5198 259569
353.768897655 -7041 5328 259345
353.775691949 -6842 5382 259337
353.782558235 -7067 5299 259193
353.789340531 -7179 5439 259677
353.796143824 -7063 5311 259064
353.80301911 -7067 5279 259612
353.809785407 -6975 5438 259222
353.816538705 -7213 5390 259171
353.823310001 -6929 5273 259499
353.830179288 -7262 5186 259383
353.836964583 -7110 5411 259395
353.843773875 -7099 5357 259497
353.850589167 -6990 5297 259310
353.857356464 -6900 5280 259276
353.864171756 -7096 5379 259106
353.870977049 -6968 5376 259381
353.877781342 -7136 5372 259348
353.884576636 -7080 5491 259376
353.89137393 -7151 5479 259466
353.898145226 -7027 5239 259211
353.904921522 -7153 5356 259470
353.911721816 -7247 5383 259580
353.918481114 -7002 5365 259333
353.925333402 -7139 5460 259227
353.932194689 -6861 5263 259459
353.947482101 -6984 5467 259557
353.954327389 -7071 5351 259257
353.961128683 -7096 5272 259161
353.967950974 -6861 5421 259467
353.974835259 -7038 5342 259327
353.981635552 -6989 5567 259580
353.988454844 -7268 5340 259565
353.995247138 -7108 5302 259480
354.002047431 -7132 5364 259516
354.008804729 -6856 5295 259017
354.015584025 -6969 5495 259249
354.022400317 -7200 5273 259418
354.029192611 -7183 5329 259169
354.035988905 -7083 5468 259521
354.042826195 -7000 5502 259371
354.049596491 -7050 5156 259324
354.056369788 -7127 5443 259266
354.063153083 -6981 5508 259365
354.069972374 -7101 5573 259194
354.076835661 -7094 5255 259456
354.083613957 -7005 5120 259336
354.09042025 -7231 5352 259137
354.097190547 -7214 5411 259467
354.104035835 -225 11075 411315
354.110872125 -52965 11559 281259
354.117642422 1554 7102 259903
354.124462713 -4780 6697 260079
354.131253008 -8015 3385 256741
354.138053301 -4850 5208 259791
354.145041575 -8028 4479 257321
354.151854867 -6372 5072 258836
354.158651161 -6826 5801 258656
354.165439456 -6962 5181 258425
354.172381735 -6731 6060 259680
354.179242022 -7519 5009 259494
354.186022317 -6636 5409 259072
354.192820611 -7064 5388 259299
354.199592907 -7485 5470 259813
354.206387202 -7221 5461 259652
354.213167497 -6934 5112 259549
354.219954792 -6990 5383 259009
354.226897071 -6813 5541 259533
354.233671367 -7191 5349 259428
354.240469661 -7012 5541 259354
354.247242957 -6779 5418 259925
354.254017253 -6914 5116 259184
354.26078455 -6866 5388 259371
354.267646837 -7128 5546 259306
354.274470128 -6947 5387 259512
354.281275421 -7076 5390 259339
354.28802572 -6869 5263 259167
354.29485301 -7143 5487 258970
354.301637306 -6906 5572 259299
354.308443598 -7168 5475 259591
354.315233893 -6866 5321 259338
354.322030187 -6988 5344 259012
354.328791484 -7030 5430 259460
354.335555782 -6930 5357 259094
354.342358075 -7248 5246 259197
354.34914537 -7117 5474 259258
354.356004657 -6921 5569 259141
354.362852946 -7103 5473 259280
354.369634241 -7134 5229 259605
354.376465531 -7199 5464 259386
354.383252826 -6993 5423 259219
354.390124112 -7041 5188 259269
354.396890409 -6865 5420 259393
354.403657706 -7102 5064 259270
354.410452 -6989 5398 259366
354.417217297 -7162 5457 259306
354.423996593 -6930 5436 259530
354.430814885 -7179 5531 259625
354.437609179 -7053 5243 259069
354.444439469 -7189 5358 259251
354.451237763 -7005 5336 259020
354.458009059 -6923 5292 259146
354.464780356 -7144 5268 259131
354.471596648 -6918 5358 259464
354.478469933 -7080 5217 259130
354.485286225 -6973 5218 259574
354.492126515 -7000 5378 259185
354.498914809 -7082 5347 259332
354.505662108 -7195 5303 259225
354.512439404 -7002 5483 259478
354.519222699 -7012 5367 259070
354.526032992 -6921 5227 259188
354.532825286 -7068 5113 259300
354.539571585 -6915 5414 259358
354.546339882 -6875 5442 259489
354.553152174 -7148 5104 259173
354.55992847 -6975 5503 259480
354.566810755 -7091 5306 259351
354.573633046 -6880 5257 259301
354.580456338 -7010 5220 259013
354.587247632 -6961 5276 259374
354.594047925 -7112 5340 259462
354.600831221 -6976 5531 259653
354.607601517 -7086 5313 259291
354.61440481 -7148 5302 259426
354.621197105 -7014 5564 259438
354.627979401 -6810 5271 259317
354.634789693 -7060 5474 259319
354.641576988 -7148 5485 259191
354.648384282 -6990 5604 259229
354.655165577 -7158 5346 259313
354.661944873 -7063 5522 259399
354.668738168 -7278 5230 259424
354.675547461 -7155 5390 259322
354.682365753 -6924 5218 259389
354.689165047 -7046 5275 259338
354.695952342 -7078 5452 259173
354.702760635 -6906 5306 259108
354.709510934 -6974 5361 259393
354.716346224 -7073 5325 259048
354.723159516 -7035 5256 259575
354.729921814 -6993 5234 259425
354.736775103 -6924 5377 259466
354.743551399 -6928 5311 259287
354.750357692 -7263 5428 259390
354.757110991 -6938 5459 259516
354.763868289 -7131 5448 259227
354.770664583 -7046 5317 259215
354.777513872 -7274 5417 259281
354.784402157 -7024 5397 259086
354.791256445 -7311 5298 259615
354.798038741 -7087 5310 259344
354.804838034 -7179 5166 259465
354.811663326 -7090 5243 259268
354.818434623 -7036 5364 259489
354.825208919 -7013 5491 259437
354.832010213 -6938 5349 259400
354.83878051 -7136 5387 259452
354.845553806 -7181 5539 259286
354.852380097 -7215 5382 259308
354.859151394 -6965 5379 259093
354.865926691 -6834 5447 259261
354.872731984 -7101 5143 259468
354.879518279 -7107 5486 259783
354.88634657 -7029 5383 259012
354.893154863 -7126 5253 259335
354.89992816 -7026 5457 259335
354.906874438 -7154 5423 259718
354.913654734 -6882 5290 259150
354.92043303 -6900 5329 259358
354.927222325 -6970 5379 259315
354.934022619 -6883 5415 259645
354.940814914 -7195 5365 259473
354.947604209 -7240 5369 259296
354.954464496 -6961 5547 259333
354.961281788 -6916 5245 259556
354.96810008 -7215 5343 259020
354.974884376 -6963 5288 259581
354.981660672 -6919 5335 259213
354.988469965 -7039 5295 259374
354.995286257 -6927 5323 259278
355.002076552 -7213 5428 259260
355.008823851 -7166 5386 259290
355.015584149 -6971 5276 259216
355.022375444 -6892 5234 259266
355.02915574 -7190 5476 258969
355.035943035 -7112 5342 259245
355.042778325 -7048 5409 259489
355.049529624 -7048 5501 259449
355.05630792 -7181 5116 259298
355.063090216 -7130 5344 259306
355.069870512 -7112 5438 259261
355.076753797 -6802 5361 259005
355.083546092 -6968 5488 259477
355.090432377 -6874 5353 259367
355.097227671 -7103 5282 259147
355.104041963 -7110 5342 259300
355.110830258 -7018 5366 259353
355.117603555 -7138 5376 259317
355.12438985 -7134 5341 259346
355.131216141 -7103 5478 259089
355.138010436 -7164 5452 259584
355.144783732 -7018 5401 259244
355.151589026 -6956 5433 259079
355.158397319 -6990 5440 259174
355.165197613 -6912 5236 259472
355.172008905 -7176 5324 259486
355.178885191 -6992 5232 259149
355.185659488 -7017 5194 259237
355.19267176 -7058 5340 259255
355.199478053 -6914 5427 259098
355.206274347 -7094 5269 259192
355.21308264 -6986 5433 259463
355.219849937 -6936 5242 259389
355.226637232 -7083 5394 259353
355.233435526 -6934 5133 259389
355.240231821 -7142 5425 259265
355.246993118 -7027 5318 259326
355.253742418 -7128 5234 259152
355.260519714 -31633 26166 163989
355.26729701 23199 -5381 252219
355.274102303 -16457 6294 252221
355.280903597 -9149 8319 259403
355.287673894 -2784 7719 260784
355.294524183 -5638 5175 259810
355.301342474 -6015 5939 260675
355.308208761 -6968 5054 259392
355.315013055 -5760 4195 259679
355.321819348 -7423 5549 259875
355.328596644 -7314 4655 259057
355.335354942 -6722 5944 259128
355.342141238 -7698 5418 259791
355.348921534 -6707 5244 258755
355.35569583 -7197 5258 259133
355.362552118 -6957 5213 259224
355.369324415 -6907 5367 259248
355.37611071 -7018 5303 259520
355.382892006 -6719 5197 259443
355.3896863 -6887 5302 259091
355.396478595 -6777 5661 259288
355.403284888 -6825 5406 259427
355.410166174 -7089 5140 259159
355.416948469 -6946 5456 259435
355.423731765 -6965 5432 259233
355.430569055 -6968 5345 259115
355.437323353 -7020 5585 259364
355.444179641 -6992 5363 259466
355.450972936 -6947 5479 259321
355.457761231 -7256 5526 259414
355.464540527 -6927 5486 259038
355.471360819 -7029 5413 259219
355.478152114 -7199 5299 259395
355.484945408 -7098 5425 259264
355.491741702 -7200 5217 259545
355.498509 -6865 5324 259361
355.505264298 -6965 5366 259597
355.512029595 -6878 5298 259314
355.518798893 -7132 5342 259185
355.525603186 -7087 5435 259422
355.532385482 -6842 5419 259367
355.539178776 -6837 5374 259442
355.545944074 -7003 5429 259093
355.552785363 -6943 5388 259368
355.559533662 -6852 5320 259449
355.566303959 -7148 5335 258967
355.573140249 -7123 5309 259278
355.579922545 -7104 5419 259340
355.586870824 -6938 5467 259361
355.59364812 -7037 5394 259438
355.60116134 -7227 5515 259262
355.60799763 -6909 5429 259290
355.614792924 -7017 5163 259328
355.621644213 -7024 5571 259361
355.628437507 -7212 5523 259422
355.635230802 -6929 5232 259192
355.642059093 -7069 5462 259119
355.648826391 -7024 5211 259368
355.65558269 -6969 5410 259213
355.662366986 -6909 5273 259266
355.669173279 -7037 5344 259360
355.676018569 -7061 5446 259608
355.682857859 -6952 5400 259234
355.689652153 -6984 5339 259185
355.697433346 -7094 5244 259004
355.704258637 -7003 5361 259238
355.711338902 -6956 5477 259462
355.718124198 -7069 5243 259542
355.724927492 -7116 5338 259219
355.731730786 -7188 5344 259441
355.738505083 -7029 5257 259293
355.74527738 -7110 5329 259373
355.752105671 -7049 5422 259447
355.75885497 -7235 5299 259502
355.765642266 -7091 5410 259354
355.772447559 -6847 5405 259443
355.779242854 -7177 5243 259366
355.786020151 -6960 5302 259561
355.792821445 -6925 5333 259274
355.799600741 -6989 5284 259668
355.806397035 -6997 5215 259252
355.813226327 -6995 5282 259562
355.820168606 -6904 5385 259332
355.826963901 -6933 5228 259311
355.833735198 -7032 5385 259108
355.841854355 -7184 5342 259411
355.848678647 -7144 5314 259351
355.855468942 -7044 5335 259582
355.862261237 -6853 5208 259198
355.869055532 -7110 5514 259400
355.875875824 -6981 5576 259435
355.882762109 -6804 5321 259423
355.889547405 -7302 5294 259259
355.896326701 -6788 5367 259503
355.903107997 -7127 5347 259305
355.909906291 -7121 5455 259134
355.916814574 -6938 5486 259335
355.923610869 -7031 5342 259357
355.930408163 -6929 5483 259611
355.937191459 -7161 5461 259454
355.943987754 -7157 5455 259180
355.950789048 -7040 5346 259200
355.957578343 -7139 5382 258994
355.964359639 -6805 5499 259252
355.971129936 -6961 5443 259319
355.977947229 -7039 5468 259262
355.984735524 -7083 5311 259286
355.991526819 -7182 5591 259286
355.998310115 -7169 5470 259393
356.005092411 -7150 5386 259378
356.011993695 -6924 5403 259419
356.018840984 -6956 5266 259171
356.025648278 -7129 5260 259622
356.032435573 -7011 5472 259503
356.039213869 -6879 5258 259516
356.046001165 -7188 5341 259513
356.05279546 -6975 5529 259093
356.059561757 -7203 5243 259207
356.066326055 -6889 5203 259438
356.073086354 -6836 5527 259113
356.079853651 -7112 5379 259110
356.086667944 -6945 5409 258968
356.093469238 -6973 5439 259411
356.100295529 -6995 5534 259772
356.107073826 -6993 5299 259377
356.113867121 -7123 5410 259641
356.120933387 -7070 5477 259145
356.127716683 -7142 5385 259108
356.134597969 -7067 5288 259404
356.141376265 -7181 5451 259627
356.148201557 -7032 5417 259310
356.155025848 -7250 5455 259459
356.161824143 -6825 5464 259083
356.168572442 -7048 5334 259749
356.17533874 -7238 5271 259429
356.182142034 -6870 5412 259763
356.188953327 -7231 5322 259488
356.195772619 -7122 5268 259246
356.202640906 -7096 5466 259126
356.209413203 -6925 5208 259130
356.2161915 -6960 5463 259188
356.223213771 -7118 5325 259291
356.230098056 -7049 5294 259418
356.236858354 -6930 5284 259085
356.243637651 -6880 5446 259282
356.250451943 -7095 5380 259607
356.257202243 -7226 5226 258829
356.263984539 -7041 5423 258958
356.270783833 -6969 5466 259197
356.277602125 -7024 5475 259278
356.284414418 -7028 5447 259305
356.291214712 -6999 5314 259149
356.297985009 -7067 5238 259322
356.304764306 -6969 5323 259216
356.3115646 -6774 5337 259546
356.318337897 -6920 5404 259164
356.325169188 -6956 5322 259305
356.332017477 -7113 5472 259521
356.338836769 -7049 5266 259323
356.345617065 -7080 5494 259677
356.352405361 -7158 5326 259323
356.359233652 -7116 5385 259102
356.366037946 -6957 5446 259693
356.372819242 -6981 5402 259459
356.379592539 -7027 5409 259215
356.386343838 -6828 5173 259398
356.393135133 -6930 5301 259171
356.399925428 -6954 5522 259521
356.406791716 -7194 5067 259369
356.413603009 -6920 5270 259229
356.420377305 -7155 5452 259594
356.427193598 -6832 5387 259485
356.434005891 -7038 5308 259143
356.440802185 -6763 5221 259568
356.447584481 -7314 5392 259209
356.45443477 -7118 5401 259580
356.461228065 -7193 5365 259499
356.468071355 33957 44572 277218
356.474870649 -339 -4551 252824
356.481668943 -416 8760 263169
356.488464238 -17779 5676 265033
356.495247534 -9733 4523 257358
356.502034829 -6981 5207 261315
356.508784129 -8123 5960 257795
356.515553426 -5996 5335 260155
356.522350721 -7924 4798 258958
356.529166013 -6782 5364 259288
356.535960308 -6533 4988 259022
356.5427776 -7005 5685 258772
356.549550897 -7126 5605 260357
356.556354191 -7085 4906 259122
356.563166484 -6681 5336 259488
356.569936781 -7054 5484 259450
356.576797069 -7071 5479 259574
356.583597363 -7126 5473 259481
356.590463651 -7139 5371 259463
356.59721695 -7069 5313 259142
356.604074238 -6858 5243 259098
356.610886531 -6955 5468 259683
356.617655828 -6996 5279 258804
356.624439124 -7050 5313 259413
356.631271415 -6952 5294 259372
356.63807071 -7041 5308 259214
356.644871004 -6964 5336 259464
356.6516643 -7085 5214 259433
356.658431597 -6988 5312 259166
356.665219893 -6977 5518 259245
356.672039186 -6704 5330 259142
356.678799484 -7218 5249 259162
356.685600779 -7247 5380 259472
356.692399073 -6842 5270 259292
356.699183369 -7059 5402 259214
356.705947668 -7103 5478 259201
356.712747962 -7038 5189 259385
356.719489263 -7040 5478 258764
356.726311555 -7043 5371 258990
356.733164844 -6979 5389 259151
356.740091125 -7014 5587 258902
356.74688942 -6799 5325 259183
356.753650718 -7064 5196 259153
356.760426015 -7090 5309 259241
356.767206312 -7175 5362 259463
356.774008606 -7051 5234 259274
356.780821899 -7090 5235 259342
356.787685187 -6993 5506 259417
356.794485482 -7025 5275 259378
356.801273777 -7073 5358 259468
356.808023077 -7092 5342 259281
356.814808373 -6970 5282 259494
356.821624666 -7105 5355 259407
356.828413961 -7018 5403 259158
356.835232254 -6980 5433 259208
356.842043547 -6964 5344 259360
356.848814845 -7244 5212 259156
356.855630138 -7013 5433 259360
356.862558419 -7045 5502 259377
356.869342715 -6861 5280 259414
356.876209003 -6988 5338 259130
356.883040294 -7267 5548 259215
356.889787594 -6978 5344 259135
356.89656989 -7113 5452 259551
356.903373184 -7071 5416 259205
356.910226473 -7073 5436 259157
356.917009769 -7028 5286 259165
356.923804065 -7027 5380 259266
356.93069335 -7080 5451 259409
356.937495644 -7002 5181 259241
356.944307937 -7208 5286 259213
356.951101232 -7126 5473 259472
356.957884529 -6968 5299 259144
356.964749816 -7110 5355 259326
356.971546111 -6856 5323 259200
356.978332407 -7006 5388 259194
356.985121703 -6946 5399 259199
356.991943995 -7090 5432 259216
356.998773286 -6986 5324 259125
357.005563582 -7067 5403 259170
357.012318881 -6975 5460 259499
357.019065181 -7100 5393 259331
357.025850477 -6850 5326 259517
357.03266177 -7028 5351 259434
357.039472064 -7067 5338 259021
357.046344351 -7131 5185 259435
357.053139646 -6863 5349 259366
357.060101923 -7080 5329 259282
357.066895218 -6961 5473 259438
357.073705512 -7026 5267 259521
357.080516805 -6977 5389 259310
357.087285103 -7060 5334 259337
357.0940564 -6915 5385 259193
357.100862694 -6749 5460 259424
357.107644991 -6986 5196 259634
357.114439286 -7175 5384 259348
357.121235581 -7007 5422 259082
357.128005878 -7151 5544 259211
357.134799173 -7091 5450 259381
357.141643463 -7081 5332 259313
357.148451757 -7208 5249 259111
357.155253051 -6921 5340 259411
357.162050346 -6807 5436 259491
357.168821643 -7115 5394 259369
357.175594941 -6867 5367 259378
357.182532221 -6995 5460 259518
357.189295519 -6816 5398 259292
357.196136809 -7073 5265 259415
357.202948103 -7135 5495 259200
357.2097224 -7010 5467 259184
357.21656569 -7122 5311 259243
357.223352986 -7010 5386 259349
357.230308264 -7017 5396 259238
357.237106559 -6869 5369 259549
357.243998844 -7130 5342 259220
357.250820136 -7229 5267 259521
357.257570436 -7259 5299 259171
357.264346732 -6909 5256 259236
357.271142027 -7022 5454 259336
357.277918324 -7170 5245 259322
357.284731617 -7235 5340 259386
357.29154891 -6919 5303 259168
357.2983982 -7184 5482 259368
357.305201494 -6935 5389 259379
357.31198779 -7099 5553 259399
357.318761087 -6966 5351 259167
357.325566381 -7164 5223 259427
357.332348677 -6873 5246 259429
357.339122974 -7132 5402 259308
357.345938267 -6669 5346 259195
357.35274956 -7068 5356 259345
357.359513859 -7046 5343 259110
357.366352149 -6910 5346 259144
357.373137445 -6959 5401 259312
357.380091724 -7031 5383 259275
357.386922015 -7082 5533 259183
357.393698312 -7092 5390 259459
357.40046561 -6967 5445 259376
357.407250906 -6996 5508 258930
357.4140552 -6947 5435 259389
357.420844495 -7242 5311 259201
357.427624792 -6813 5517 259462
357.434404089 -6819 5551 259202
357.441181385 -6920 5383 259454
357.448861589 -7028 5346 259342
357.45568688 -7172 5476 259385
357.462578166 -6971 5399 259559
357.469357462 -7070 5388 259206
357.476163756 -6947 5559 259168
357.48297205 -6996 5308 259491
357.489751346 -7241 5242 259245
357.496511645 -7022 5372 259339
357.503257945 -7301 5488 259254
357.510121233 -6720 5362 259091
357.516885531 -6941 5541 259381
357.523656828 -6835 5330 259547
357.530500118 -7119 5250 259386
357.537268416 -7221 5063 259070
357.544064711 -6834 5282 259335
357.550882004 -7288 5525 259444
357.557749291 -7132 5406 259115
357.564566584 -7019 5227 259322
357.571357879 -7171 5630 259725
357.578118178 64107 8899 332982
357.584908473 2850 5637 262065
357.591715767 -8292 7923 255602
357.598489064 -5737 5880 260305
357.605264361 -9685 5096 259358
357.612095653 -4841 5743 260562
357.61886995 -6653 4907 260497
357.625682243 -8159 5502 259671
357.632533533 -7217 5072 259065
357.639314829 -6687 5317 260585
357.646093126 -7284 5740 258642
357.652910419 -7303 5572 259438
357.659705715 -7022 5221 259274
357.666596 -6743 5392 259170
357.673357299 -7233 5285 259194
357.681190487 -7055 5488 259628
357.68800278 -6981 5340 259398
357.694781077 -6993 5231 259575
357.701560374 -7083 5198 259268
357.70844466 -6999 5426 259175
357.715242955 -7192 5425 259254
357.72203725 -6996 5339 259574
357.728812548 -7169 5361 259316
357.735593845 -7059 5198 259347
357.742415137 -7182 5254 259364
357.749198434 -7145 5297 259128
357.756034725 -7187 5363 259157
357.762862017 -7071 5357 259464
357.769662311 -7018 5374 259227
357.776439609 -7190 5317 259257
357.783249902 -6908 5293 259019
357.79011919 -7059 5424 259457
357.796913485 -6954 5285 259200
357.803698782 -7036 5489 259321
357.810585067 -7068 5451 259529
357.817371364 -7147 5262 259332
357.824169659 -7073 5200 259100
357.830953955 -7305 5266 259237
357.837737252 -7230 5244 259269
357.844539546 -6918 5435 259297
357.851341841 -7009 5443 259499
357.858127137 -7044 5366 259091
357.864919433 -7079 5270 259281
357.871721727 -7000 5358 259295
357.878501024 -6993 5228 259214
357.885328316 -7000 5301 259282
357.892143609 -7019 5394 259220
357.898923906 -7049 5307 259202
357.905708202 -6929 5657 259252
357.912620486 -7045 5345 259346
357.919377785 -7218 5304 259470
357.92617308 -7204 5311 259423
357.932984374 -7027 5315 259390
357.939799667 -7069 5408 258845
357.946826938 -7042 5347 259395
357.953621233 -7028 5330 259054
357.960443526 -7055 5341 259531
357.967230822 -6883 5496 259467
357.974029117 -7069 5424 259461
357.980830412 -7065 5415 259321
357.987623707 -7157 5346 259416
357.994466997 -7168 5271 259309
358.001251294 -6948 5363 259338
358.008001594 -7024 5311 259107
358.01478989 -7017 5469 259354
358.021591184 -7007 5389 259383
358.02837948 -6954 5123 259185
358.035181775 -6939 5282 258996
358.04198007 -7117 5297 259223
358.048751368 -7055 5632 259338
358.055529665 -7249 5397 259401
358.06242695 -6984 5438 259565
358.069192248 -7061 5353 259389
358.076027539 -7244 5230 259163
358.082838833 -7029 5356 259434
358.089628129 -6820 5500 259646
358.096403426 -7071 5376 259504
358.103193722 -7060 5552 259360
358.10995902 -7058 5359 259506
358.116938296 -7157 5368 259229
358.123790586 -6970 5277 259157
358.130632876 -6969 5609 259165
358.137406174 -6939 5166 259084
358.144230466 -6956 5305 259100
358.151027761 -7061 5340 259369
358.157806058 -6930 5545 259296
358.164617352 -6900 5542 259548
358.171418646 -7260 5376 259539
358.178197943 -7132 5446 259263
358.185004237 -7161 5409 259311
358.19182053 -7182 5402 259326
358.198590828 -7060 5393 258859
358.205438118 -7215 5463 259697
358.212230414 -7186 5533 259306
358.219035708 -7045 5286 259265
358.225839002 -7044 5451 259392
358.232626299 -7176 5374 259287
358.239402596 -7072 5280 259512
358.246249886 -7203 5336 259365
358.253021183 -7008 5397 259532
358.259812479 -6955 5639 259168
358.266861748 -6892 5178 259164
358.273667042 -7126 5485 259112
358.280450339 -7099 5485 259538
358.287249634 -7017 5239 259242
358.294064927 -7002 5545 259399
358.300868221 -7148 5444 259283
358.307646518 -7163 5372 259353
358.314546803 -6962 5428 259386
358.321315101 -6982 5397 259468
358.328114396 -6935 5277 259316
358.334892693 -6925 5362 259088
358.341701987 -7061 5475 259156
358.348495282 -6742 5472 259373
358.355285578 -7029 5287 259276
358.362074874 -6975 5347 258992
358.368946161 -7191 5290 259226
358.375760454 -7111 5329 259144
358.382621743 -7019 5209 259257
358.389417038 -6877 5390 259220
358.396233331 -7015 5311 259119
358.403009629 -7142 5151 258929
358.409783926 -7181 5353 259054
358.416546225 -7132 5378 259294
358.423321522 -7061 5419 259239
358.43018781 -7221 5378 259293
358.436971106 -6809 5167 259598
358.443853393 -6874 5398 259093
358.450658687 -6882 5395 259148
358.457495978 -6992 5460 258836
358.464309271 -6889 5191 259473
358.471152562 -7166 5482 259362
358.477977854 -7137 5307 259322
358.484776149 -6794 5238 259237
358.491564445 -7043 5373 259161
358.498412735 -6810 5315 259152
358.505196031 -6808 5296 259530
358.511962329 -6885 5369 259413
358.518728628 -7292 5349 259047
358.525498925 -7148 5203 259246
358.532289221 -6969 5406 259454
358.539069518 -6956 5371 259289
358.545863813 -6960 5530 259084
358.55264811 -6900 5231 259066
358.559391411 -7047 5113 259199
358.566217703 -7010 5294 259057
358.573055993 -7216 5344 259209
358.579942279 -7205 5375 259246
358.586830565 -6951 5374 259389
358.593639859 -6879 5313 259184
358.600434154 -6892 5289 259368
358.607202452 -7053 5314 258988
358.614001747 -7124 5315 259206
358.620783044 -6977 5380 259251
358.62756934 -7040 5412 259365
358.634591612 -7105 5408 259507
358.641396907 -6925 5285 259171
358.648178204 -7085 5488 259245
358.654953502 -6937 5266 259724
358.661746797 -7032 5267 259259
358.668528094 -7124 5251 259311
358.675365386 -7021 5375 259112
358.682184679 -6847 5295 259486
358.688968975 -7230 5448 259433
358.695741273 -6968 5290 259363
358.702703552 -6990 5361 259180
358.709502847 -6927 5316 259418
358.716358136 -6928 5362 259089
358.723151432 -6991 5300 259089
358.729907732 -7059 5443 259349
358.73686401 -6993 5420 259282
358.743670305 -6866 5333 259233
358.7504716 -7122 5330 259417
358.757243898 -7052 5249 259005
358.764016196 -6926 5286 259058
358.770809491 -6861 5317 259279
358.777611786 -7128 5504 259407
358.78442808 -7003 5321 259499
358.791233374 -6961 5328 259098
358.798062666 -7143 5500 259350
358.804890958 -7028 5464 259131
358.811752247 -7215 5372 259458
358.81857354 -7046 5739 259617
358.825372835 -6982 5356 259403
358.832152132 -7035 5321 259268
358.838937429 -7144 5448 259481
358.845730725 -7148 5326 258928
358.852580015 -6905 5310 259112
358.859357312 -7229 5460 259095
358.866151608 -37511 -50030 201440
358.872922906 -22334 7371 258133
358.879789194 -20486 8691 258815
358.886601488 -5818 2190 260259
358.893423781 -10487 5881 260116
358.900228075 -7910 4602 261084
358.906985375 -5703 5909 259833
358.913765672 -8621 5524 260695
358.920573966 -6402 5181 258718
358.927337265 -6894 5187 259975
358.934146559 -7204 4819 258995
358.940952854 -6405 5647 259005
358.947814142 -7243 5390 259603
358.954611438 -7251 4893 259400
358.961396734 -6984 5437 259461
358.968229026 -6901 5394 259071
358.975017322 -6992 5547 259429
358.981840615 -7258 5448 259271
358.988654909 -7038 5214 259383
358.995459203 -7193 5081 259088
359.002255499 -7033 5424 259094
359.0089968 -7006 5357 259308
359.015774097 -7218 5474 259071
359.022567393 -6997 5335 259146
359.029339691 -7126 5225 259189
359.036090991 -6989 5188 259236
359.043220252 -6938 5535 259536
359.050100539 -7007 5321 259243
359.056889835 -6882 5471 259405
359.06368813 -7054 5358 259562
359.070482426 -6932 5298 259396
359.077267723 -7081 5312 259354
359.084090015 -6954 5199 259246
359.090954304 -6997 5468 259068
359.097710604 -7038 5276 259456
359.1044979 -6888 5222 259100
359.111312194 -6987 5505 259266
359.11810149 -7110 5225 259365
359.124892786 -7112 5382 259560
359.131781072 -6838 5209 259296
359.138606364 -7186 5259 259473
359.145405659 -7243 5332 259594
359.152198955 -6851 5231 259341
359.158972253 -7101 5338 259129
359.165774548 -6951 5474 259610
359.172568843 -7346 5432 259401
359.179332142 -6974 5495 259263
359.186158435 -7072 5325 259593
359.192974728 -7073 5311 259364
359.207694202 -7017 5411 259263
359.214517495 -6977 5389 259552
359.221325789 -7066 5474 259161
359.228111086 -6827 5362 259511
359.234887383 -7113 5380 259162
359.241658681 -7100 5246 259239
359.248455977 -7022 5505 259016
359.255247273 -7065 5161 259165
359.262019571 -6882 5278 259229
359.268809867 -7205 5691 259249
359.275641158 -7172 5249 259104
359.282540443 -7118 5452 259275
359.289358736 -7121 5434 259377
359.29617503 -7112 5397 259344
359.302976325 -7010 5367 259422
359.309765621 -7199 5302 259526
359.316562916 -7155 5475 259065
359.323323216 -7107 5427 259606
359.330272495 -7019 5441 259330
359.337053792 -7134 5389 259103
359.343834089 -7081 5434 259361
359.350649383 -6863 5161 259103
359.357435679 -7081 5446 259400
359.364232975 -7181 5479 259439
359.371021271 -7009 5529 259342
359.377797569 -6854 5265 259292
359.384612862 -7060 5423 259398
359.391445154 -7002 5468 259274
359.398295444 -7150 5358 259324
359.405095739 -7138 5200 259090
359.411914032 -7206 5337 259436
359.41868933 -7079 5519 259263
359.425470627 -7250 5322 259364
359.432266922 -7080 5357 258950
359.439027221 -7110 5441 258914
359.445802519 -7082 5711 259470
359.452619812 -7216 5410 259553
359.45939211 -7099 5407 259063
359.466183406 -7109 5196 259515
359.473016698 -6999 5569 259399
359.479787996 -7001 5405 259741
359.486564293 -7031 5258 259377
359.493393585 -7155 5514 259290
359.500235876 -7054 5362 259193
359.506988176 -7302 5380 259278
359.513736477 -7073 5376 259041
359.520521773 -7107 5307 259486
359.527325068 -7146 5582 259589
359.534198355 -7166 5459 259237
359.540984652 -7008 5352 259407
359.54785094 -7170 5519 259079
359.554625238 -6992 5361 259352
359.561421533 -7112 5405 259435
359.56820783 -6768 5408 259155
359.574985127 -7064 5316 259442
359.581785422 -6920 5374 259098
359.588570719 -7036 5549 259153
359.595630987 -6984 5511 259365
359.60254527 -6952 5363 259614
359.60930157 -7046 5285 259346
359.616091866 -7215 5294 259069
359.622914159 -7243 5369 259530
359.629698456 -7190 5304 259493
359.636500751 -6939 5435 259533
359.643289048 -7152 5247 259162
359.650205331 -7189 5398 259285
359.656987628 -7052 5276 259351
359.663784924 -7018 5355 259126
359.67057522 -7000 5328 259049
359.677355517 -6898 5481 259419
359.684152813 -7132 5409 259342
359.690957108 -7279 5245 259120
359.697967382 -6918 5425 259283
359.704799674 -7148 5235 259272
359.711599969 -7016 5519 259328
359.718369268 -7022 5247 259186
359.725232556 -7043 5358 259325
359.732025852 -7062 5477 259455
359.738798151 -7240 5393 259412
359.745581448 -7283 5323 259164
359.752349746 -6857 5200 259606
359.759118045 -7023 5267 259293
359.765916341 -6956 5163 259377
359.772727635 -6905 5554 259322
359.779499933 -7245 5400 259125
359.786464211 -7194 5371 259463
359.793270506 -7136 5381 259336
359.800382769 -7152 5340 259349
359.807201063 -7091 5345 259318
359.814051353 -7108 5335 259354
359.820852648 -7074 5466 259167
359.827721936 -7256 5354 259197
359.834514232 -7047 5277 259400
359.841299529 -7164 5318 259047
359.848090826 -7160 5278 259346
359.854870123 -6990 5346 259425
359.861682417 -6912 5320 259439
359.868464714 -7131 5330 259332
359.87525701 -6965 5412 259500
359.882046307 -7130 5298 259414
359.888818605 -6954 5430 259281
359.8956229 -7108 5370 259155
359.902405197 -7054 5294 259493
359.909639448 -7004 5512 259470
359.916461741 -6955 5469 259505
359.923238039 -6970 5025 259565
359.930092328 -7066 5298 259318
359.936887624 -7105 5407 259602
359.943695919 -7137 5520 259480
359.950480216 -7004 5266 259200
359.957243515 -6961 5328 259373
359.964110803 -7156 5343 259133
359.970937096 -7116 5479 259291
359.977704395 -6969 5296 259681
359.98450269 -6971 5226 259334
359.991298986 -7045 5422 259354
359.998162275 -7042 5374 259366
360.005114554 -7087 5382 259194
360.011918849 -7042 5463 259205
360.018736143 135654 98394 -78239
360.025531439 -38922 545 275959
360.032342733 -3176 11156 263470
360.039118031 -5524 8498 256021
360.045958322 -5147 5784 257150
360.05273462 -8328 6238 258065
360.059474921 -5910 4199 259845
360.06633921 -8455 4585 258685
360.073165503 -7128 5564 259401
360.079940801 -7361 5508 259678
360.086810089 -7049 5988 259337
360.093692376 -7244 5493 259386
360.100519668 -7310 5283 258848
360.107567938 -7003 5531 259090
360.114444225 -7366 5316 259625
360.12124852 -7361 5559 259530
360.128026818 -6952 5185 259572
360.134802116 -7098 5187 259428
360.141600411 -6849 5527 259085
360.148393707 -7112 5271 259326
360.155171005 -6911 5432 259520
360.161918306 -6879 5183 259423
360.168672606 -7260 5249 259053
360.175455903 -7172 5221 259121
360.182328191 -7122 5367 259233
360.189118487 -7096 5430 258869
360.195933781 -7016 5392 259300
360.202717078 -7145 5312 259031
360.209484377 -7134 5423 259533
360.216517648 -7046 5297 259116
360.223337942 -7054 5541 259665
360.230240226 -7108 5471 259170
360.237032522 -7199 5422 259391
360.243856815 -7095 5395 259263
360.250652111 -7152 5555 259491
360.257395412 -6951 5310 259132
360.26417271 -7109 5295 259353
360.271051997 -6989 5488 259386
360.277848293 -6988 5446 259318
360.284653588 -6949 5416 259423
360.291445884 -6965 5461 259461
360.29833217 -6982 5270 259260
360.305132466 -7003 5426 259490
360.311929761 -7125 5435 259443
360.318964033 -7054 5329 259351
360.325781326 -7133 5356 259393
360.332564623 -7057 5439 259344
360.339335922 -7037 5532 259405
360.346127218 -7272 5450 259063
360.352898516 -6997 5456 258883
360.359724809 -7128 5634 259156
360.366513105 -6975 5436 259124
360.373305402 -7240 5499 259174
360.380262681 -6917 5277 259276
360.387056977 -6991 5279 259189
360.393884269 -7122 5278 259180
360.400670566 -7119 5276 259468
360.407477861 -7028 5404 259275
360.414255158 -7245 5511 259479
360.421310427 -7216 5251 259163
360.428119722 -6864 5574 259289
360.434915017 -6888 5303 259191
360.441709313 -7022 5477 259188
360.44849861 -7138 5361 259373
360.455280907 -6923 5197 259439
360.462159194 -7130 5316 259305
360.46895249 -7130 5510 259440
360.475794781 -7013 5514 259434
360.482578079 -6947 5439 259201
360.489347377 -7212 5490 259364
360.496140673 -6860 5275 259116
360.50292697 -6792 5551 259112
360.509672271 -7130 5460 259143
360.516450569 -7152 5309 259404
360.523264862 -7099 5363 259382
360.53071709 -6911 5328 259236
360.537545383 -7035 5443 259104
360.544353677 -7119 5357 259287
360.551148973 -7058 5422 259522
360.557969266 -7184 5511 259326
360.564757563 -7050 5350 259207
360.571578856 -6968 5179 259185
360.578414148 -7119 5311 259447
360.585217443 -7104 5388 259435
360.591989741 -7013 5154 259596
360.598798036 -7288 5298 259074
360.60560633 -7209 5599 259691
360.612404626 -7011 5411 259095
360.619429898 -7018 5375 259457
360.626344181 -7104 5380 259269
360.63311748 -6874 5417 259404
360.639880779 -6973 5222 259328
360.646752067 -6960 5334 259262
360.653564362 -6921 5450 259253
360.660367657 -7093 5127 259488
360.667132956 -7205 5390 259060
360.673899255 -7120 5246 259111
360.680703551 -7078 5385 259279
360.687474849 -7149 5325 259223
360.694253147 -7011 5306 259288
360.701130435 -7144 5392 259481
360.70793273 -7051 5416 259051
360.714727026 -7014 5140 259711
360.721520323 -6945 5472 259361
360.728558594 -7050 5398 259275
360.73534989 -7146 5449 259320
360.742171184 -7104 5390 259423
360.748953481 -7053 5244 259308
360.755765776 -7148 5237 259234
360.762602067 -7188 5223 259643
360.769365367 -7175 5469 259383
360.776138665 -7115 5321 258841
360.782940961 -7110 5244 259435
360.789794251 -7085 5302 259450
360.796585547 -6982 5360 259179
360.803389843 -6995 5333 259464
360.810303126 -7087 5424 259414
360.817081424 -6933 5406 259507
360.823869721 -7048 5344 259110
360.830919991 -6840 5607 259479
360.837715287 -6990 5153 259385
360.844522582 -7025 5409 259165
360.851323877 -7024 5345 259106
360.858145171 -7183 5539 259061
360.864940467 -7161 5265 259148
360.871717765 -7149 5397 259431
360.878496063 -7098 5348 259265
360.885292359 -6909 5190 259396
360.892092655 -6886 5212 259616
360.898883951 -6888 5281 259089
360.905681247 -7089 5473 259339
360.912529538 -7086 5357 259228
360.919309835 -6973 5275 259264
360.92612213 -6973 5314 259279
360.932942423 -7131 5326 259469
360.939766716 -7196 5359 259071
360.946564012 -7161 5280 259161
360.95334131 -7131 5378 259418
360.961105506 -7012 5325 259335
360.967931799 -7184 5579 259234
360.974694099 -7099 5333 259471
360.981467397 -6824 5351 259020
360.988271692 -7074 5261 259292
360.995065988 -7017 5470 259454
361.001879283 -7064 5385 259099
361.008634583 -7015 5471 259366
361.015426879 -7168 5344 259554
361.022235174 -6966 5410 259464
361.029193453 -7161 5355 259174
361.036016747 -6860 5290 259364
361.043264996 -7049 5505 259441
361.050196278 -7042 5398 258922
361.057011572 -7072 5374 259478
361.063800869 -7055 5234 259395
361.070595165 -7302 5499 259225
361.077370463 -7272 5353 259238
361.084146761 -7023 5288 259308
361.091083043 -7178 5449 259169
361.097875339 -7081 5530 259201
361.104686634 -7054 5499 259057
361.111490929 -7145 5441 259160
361.118267227 -6921 5322 259054
361.125070522 -7198 5403 259227
361.131892816 -7057 5409 259625
361.13870311 -7104 5536 259197
361.145497407 -7048 5385 259086
361.152295702 -7227 5442 259278
361.159067001 -6979 5516 259215
361.165909292 -7038 5226 259147
361.172683591 -7114 5504 259332
361.179485886 -6980 5441 258994
361.18630418 -6994 5350 259221
361.193096476 -7121 5295 259402
361.199882773 -6963 5146 259245
361.206758061 -7168 5307 259091
361.213559357 -6864 5260 259167
361.220359652 -7266 5394 259237
361.227146949 -7143 5420 259301
361.233982241 -6938 5372 259174
361.240797535 -7122 5370 259262
361.247569834 -7065 5501 259361
361.254333133 -7250 5469 259499
361.261108431 -7201 5440 258989
361.267896728 -7114 5474 259313
361.274678026 -7020 5457 259629
361.281466323 -6885 5226 259216
361.288259619 -6857 5560 259444
361.295030918 -94005 25169 342503
361.30186221 -14881 -2618 270867
361.308662506 -25376 8045 258177
361.315502797 -9935 5121 263174
361.322346088 -8095 8543 255075
361.329116387 -9604 4412 260673
361.335898684 -4956 6574 258739
361.342975951 -6550 5673 259519
361.349761249 -7980 4645 258175
361.356560544 -6079 5446 259383
361.363348841 -7106 4913 259058
361.370230128 -6701 5554 258951
361.377005427 -7219 5387 260040
361.383791724 -6997 4947 259062
361.39058802 -6762 5340 259099
361.397388315 -6898 5355 259383
361.404205609 -6948 5622 259286
361.411011904 -7356 5631 259508
361.417779203 -6950 5192 259466
361.424554501 -7208 5130 259059
361.4313278 -7117 5573 259230
361.438122096 -7071 5626 259228
361.444962387 -7298 5577 259512
361.451765683 -7058 5266 259400
361.45854598 -7094 5411 259255
361.465341277 -6952 5413 259438
361.472136573 -6989 5405 259377
361.478910871 -6827 5319 259363
361.485703167 -6974 5308 259352
361.49262845 -7342 5442 259110
361.499464742 -6876 5289 259439
361.506307033 -7153 5360 259137
361.513078332 -7110 5409 259084
361.51985363 -7001 5383 259346
361.52670492 -7018 5621 258987
361.533511215 -6929 5432 259080
361.540301512 -7110 5409 259664
361.547085809 -7019 5321 259269
361.553891104 -7163 5384 259526
361.560715398 -7003 5416 259364
361.567501695 -6921 5499 259333
361.574275993 -7113 5257 258977
361.58106529 -6873 5373 259405
361.587835588 -6950 5572 259194
361.594601888 -7136 5585 259385
361.60143118 -7017 5311 259016
361.608215477 -6940 5430 259261
361.614991776 -7042 5281 259549
361.62180607 -7095 5398 259336
361.628596367 -7073 5213 259435
361.635415661 -7204 5340 259669
361.642252953 -7207 5436 259332
361.649087245 -7137 5454 259221
361.65589554 -7063 5427 259268
361.662699835 -7054 5461 259128
361.669472134 -7198 5403 259237
361.676253432 -7177 5326 259342
361.683021731 -7073 5406 259548
361.68979203 -7148 5506 259677
361.696564329 -6853 5565 259253
361.703380623 -6887 5370 259215
361.710239913 -7081 5322 259212
361.71702921 -7168 5409 259168
361.7238875 -7101 5293 259349
361.730687796 -7296 5398 259273
361.737458095 -7103 5382 259481
361.744250392 -6956 5387 259469
361.751087684 -7271 5460 259444
361.757902978 -7055 5482 259543
361.764679276 -6951 5309 259479
361.771563564 -6990 5308 259295
361.778349861 -7122 5507 259330
361.785136158 -7118 5476 259115
361.791910457 -7104 5347 259370
361.798695754 -7193 5373 259214
361.805522047 -7219 5415 259318
361.812384337 -6892 5354 259542
361.819180633 -7095 5552 259291
361.826050922 -7357 5435 259465
361.83282422 -7042 5437 259265
361.839562523 -7084 5311 259190
361.846326822 -6959 5447 259367
361.853145116 -7085 5408 259361
361.859941413 -7089 5331 259157
361.866810701 -7228 5391 259456
361.873603998 -7059 5423 259174
361.880467287 -7164 5485 259230
361.887251585 -7026 5293 259484
361.894051881 -7036 5316 259137
361.900839178 -7196 5357 259675
361.907707467 -7082 5438 259326
361.914493764 -7171 5574 259373
361.921272062 -7099 5400 259206
361.928072358 -7094 5512 259424
361.934856656 -7132 5320 259230
361.941644953 -7061 5484 259124
361.948422251 -7161 5392 259373
361.955233546 -7062 5328 259508
361.962107834 -7350 5427 259282
361.968945126 -7174 5615 258992
361.975737423 -7150 5325 259507
361.982591713 -7137 5262 259128
361.98938001 -6960 5408 259441
361.996162308 -6821 5122 259338
362.002913609 -7020 5420 259077
362.00966291 -7085 5376 259401
362.016443208 -7043 5484 259163
362.023240504 -6746 5237 259401
362.030132791 -6893 5472 259197
362.036916088 -7123 5505 259393
362.043708385 -7152 5152 259045
362.050502682 -7009 5520 259297
362.057344973 -7104 5567 259729
362.064153268 -7028 5412 259369
362.070975562 -7143 5604 259169
362.077721863 -7123 5383 259054
362.08451716 -7077 5320 259104
362.09137445 -7170 5425 259194
362.098183745 -7116 5468 259389
362.10498604 -7192 5331 259310
362.111794335 -7235 5416 259663
362.118569634 -7033 5610 259367
362.12536393 -7261 5495 259153
362.132145228 -7210 5401 259212
362.138916527 -7209 5377 259225
362.14574382 -6947 5398 259314
362.152575113 -7141 5345 259440
362.159382408 -7099 5253 259268
362.166176704 -6974 5446 259650
362.172953003 -6990 5435 259514
362.1797443 -6957 5535 259121
362.186534596 -7031 5295 259476
362.193368889 -7153 5187 259485
362.200303171 -7067 5358 259400
362.207104467 -6910 5457 259563
362.213990754 -7152 5288 259245
362.22079005 -7016 5254 259215
362.227611343 -7022 5430 259437
362.234398641 -7041 5394 259221
362.241207935 -7115 5599 259554
362.247990233 -7054 5403 259450
362.254758532 -7148 5425 259302
362.26154083 -7133 5420 259403
362.268317129 -6960 5442 259250
362.275089427 -7164 5331 259293
362.281898722 -7056 5448 259038
362.28867802 -7072 5626 259117
362.295458318 -7157 5347 259383
362.302257614 -6931 5484 259137
362.309076908 -7017 5509 259349
362.315880204 -7110 5365 259350
362.322671501 -7122 5534 259256
362.329443799 -7020 5328 259318
362.336241096 -7080 5247 259630
362.343035392 -7113 5349 259539
362.349856686 -6921 5347 259722
362.356727974 -7319 5390 259226
362.363688254 -7015 5475 259378
362.370502548 -6992 5409 259288
362.377285846 -7062 5448 259135
362.384079142 -7191 5302 259172
362.39086544 -7337 5373 258959
362.397634739 -6997 5635 259355
362.404424036 -7031 5533 259196
362.411204334 -7180 5557 259246
362.41809362 -7055 5573 258912
362.424914914 -7222 5521 259188
362.431702211 -7125 5466 259333
362.43847451 -7027 5334 259158
362.445273806 -6930 5306 259282
362.452122097 -7104 5322 259212
362.458908394 -7117 5469 259490
362.465701691 -7115 5289 259457
362.472528984 -7219 5442 259051
362.479278285 -7083 5448 259220
362.486067582 -7266 5297 259382
362.492886876 -7144 5442 259169
362.499677173 -6973 5496 259302
362.506478469 -6978 5396 259596
362.513259767 -7138 5481 259212
362.520130055 -7023 5375 259243
362.526905354 -6997 5569 259605
362.53370165 -7055 5502 259345
362.540503946 -7145 5502 259466
362.547335238 -6991 5411 259342
362.554202527 -7242 5324 259660
362.561000823 -7066 5445 259382
362.567782121 -7126 5343 259110
362.574583417 -6988 5415 259279
362.58140771 -6922 5388 259337
362.588192008 -7039 5531 259502
362.594979305 -7192 5383 259368
362.601772602 -7039 5338 259232
362.6085459 -7058 5519 259158
362.615323199 -7150 5326 259302
362.622143493 -7220 5225 259260
362.62893079 -7114 5309 259485
362.635730086 -7042 5332 259315
362.64255038 -7080 5175 259455
362.649326679 -7115 5316 258922
362.656101978 -6975 5302 259346
362.662897274 -6971 5241 259322
362.669966543 -7129 5483 259159
362.676858829 -7203 5227 259463
362.683648127 -7037 5259 259609
362.690429425 -6993 5290 259219
362.697219722 -6955 5285 259031
362.704089011 -7056 5364 259129
362.710902306 -6978 5379 259628
362.718550514 -7071 5392 259548
362.72535081 -7141 5358 259663
362.732141107 -6926 5404 259600
362.738912406 -7140 5368 259099
362.745713703 -6981 5235 259163
362.752541996 -7083 5528 259320
362.759290297 -6904 5555 259115
362.766062596 -7131 5274 259368
362.772895889 -6862 5439 259378
362.779701185 -7267 5335 259333
362.786496481 -7180 5271 259274
362.79327178 -7213 5286 259378
362.80013207 -7064 5453 259403
362.806930366 -6987 5270 259269
362.813781657 -7042 5265 259614
362.820562955 -7018 5329 259300
362.827443243 -7117 5386 259206
362.834246539 -7095 5389 259359
362.841033836 -6844 5302 259417
362.847808135 -6990 5319 259004
362.854587434 -6937 5384 259234
362.861392729 -7042 5427 259470
362.868180027 -7271 5155 259169
362.874987322 -6976 5361 259315
362.881889608 -7135 5302 259233
362.888672906 -7050 5466 259592
362.895440205 -6962 5394 259471
362.902218504 -7056 5326 259091
362.909036798 -7077 5432 259446
362.915833094 -6829 5424 259273
362.922667387 -7214 5450 259320
362.929450685 -7201 5601 259234
362.936224984 -7152 5495 259261
362.943019281 -6951 5297 259369
362.949875571 -6892 5209 259242
362.956716863 -7036 5467 259367
362.963570153 -6803 5384 259150
362.970401446 -7023 5293 259708
362.977212741 -7222 5370 259480
362.984023037 -6964 5577 259326
362.990814334 -7146 5430 259279
362.997590632 -7118 5365 259200
363.00437693 -7005 5386 259335
363.011164227 -7041 5348 259167
363.018031517 -6959 5413 259361
363.024804815 -6961 5401 259269
363.031614111 -7202 5497 259237
363.038390409 -6804 5441 259265
363.045192705 -6903 5329 259229
363.051988002 -7096 5563 259175
363.058800297 -7320 5368 259359
363.065584595 -6942 5373 259307
363.072359893 -6867 5567 259259
363.079366168 -6995 5491 259097
363.086179463 -7114 5316 259420
363.092998757 -7102 5196 259674
363.099779055 -7022 5300 259261
363.106563353 -7145 5462 259407
363.11335565 -7082 5203 259434
363.120299931 -7331 5424 259540
363.12716922 -6873 5379 259396
363.133950518 -7053 5331 259179
363.140747815 -7072 5603 259311
363.14756211 -7281 5415 259054
363.154349407 -7092 5340 259231
363.161136705 -7087 5364 259081
363.167916003 -7011 5200 259399
363.174690302 -7056 5381 259002
363.18176157 -6947 5266 259207
363.188555867 -7157 5328 259332
363.195427155 -6942 5269 259043
363.202219452 -7056 5266 259387
363.20900075 -7161 5363 259192
363.215850041 -7139 5267 259421
363.222642338 -7303 5403 259234
363.22938964 -7162 5349 259144
363.236169938 -7029 5389 259529
363.242974234 -7309 5240 259544
363.249746533 -7068 5292 259267
363.256502834 -6978 5375 259463
363.263283132 -6991 5400 259385
363.270153421 -7083 5277 259152
363.276945718 -7046 5362 259639
363.283770011 -7191 5265 259477
363.290593305 -7235 5375 259182
363.297369604 -7061 5309 259288
363.304179899 -7094 5447 259329
363.311000193 -7068 5288 259413
363.317834486 -7164 5332 259358
363.324592786 -7072 5420 259113
363.331473074 -7115 5532 259301
363.338259372 -6975 5518 259425
363.345050669 -7100 5433 259030
363.351843966 -7179 5205 259446
363.358614265 -7210 5483 259268
363.365409561 -6946 5310 259184
363.372198859 -7037 5432 259501
363.378968158 -7099 5330 259314
363.385794452 -7017 5475 259496
363.392601747 -7122 5446 259369
363.399383045 -6848 5551 259170
363.406168343 -7110 5218 259331
363.412977638 -6965 5430 259413
363.419763936 -7000 5115 259588
363.426536235 -7199 5360 259103
363.433309534 -7119 5503 259236
363.440171823 -6919 5450 259477
363.44696612 -6991 5474 259210
363.453847408 -6960 5411 259287
363.460640705 -7009 5382 259470
363.467472997 -7051 5497 259481
363.474262295 -6912 5470 259499
363.481128584 -7104 5467 259326
363.487938879 -7047 5392 259139
363.494739175 -7046 5332 259326
363.501547471 -7073 5555 259309
363.50831477 -7098 5418 259422
363.515087069 -6994 5367 259419
363.521948359 -7118 5404 259327
363.528691661 -7062 5423 259330
363.535477959 -7188 5412 259399
363.542275255 -7164 5252 259392
363.549082551 -7103 5412 259394
363.555875847 -7102 5285 259281
363.562651146 -7013 5195 259080
363.569493438 -7234 5551 259136
363.576276736 -6963 5417 259453
363.583075032 -7038 5590 259355
363.589881328 -7047 5370 259601
363.597330557 -7015 5337 259183
363.604134852 -7097 5435 259350
363.610962146 -7170 5380 259427
363.617743444 -7000 5470 259347
363.62454274 -7091 5384 259277
363.631339037 -6973 5441 259279
363.638130334 -7220 5348 259430
363.644972626 -6949 5279 259251
363.651768923 -7023 5331 259638
363.658545222 -7133 5591 259137
363.66533452 -6914 5252 259405
363.672126817 -7074 5400 259228
363.678898116 -7161 5491 259480
363.685780404 -6990 5333 259387
363.692617697 -7067 5392 259315
363.699452989 -7121 5270 259214
363.706243287 -7034 5514 258901
363.713035584 -6817 5517 259656
363.719812883 -7118 5600 259486
363.726590182 -7190 5469 259398
363.733390478 -7020 5342 259251
363.740371756 -7156 5330 259459
363.747230046 -7179 5539 259252
363.754067339 -7060 5283 259427
363.760828639 -7108 5212 259329
363.767602938 -6979 5227 259195
363.774377237 -7032 5592 259396
363.781180533 -7014 5426 258996
363.787965831 -7014 5371 259576
363.794792125 -6982 5367 259225
363.801610419 -7105 5303 259220
363.808381719 -7133 5400 259283
363.815175016 -7064 5432 259165
363.822045305 -7068 5440 259431
363.828831603 -6959 5315 259126
363.835617901 -7041 5369 259183
363.842380201 -7018 5420 259348
363.849168499 -6995 5371 259098
363.855944798 -6913 5370 259535
363.862734095 -7247 5474 259199
363.869518393 -7107 5472 259372
363.87631469 -6969 5170 259048
363.883085989 -7108 5474 259187
363.889951279 -7009 5327 259522
363.896840566 -7034 5321 259243
363.903701856 -7037 5369 259318
363.910506152 -7210 5483 259257
363.917275452 -7105 5389 259243
363.924075748 -6909 5324 259112
363.930902042 -7305 5313 259344
363.937670342 -6925 5432 259445
363.944417644 -7121 5551 259187
363.951198942 -6951 5529 259391
363.95798324 -7192 5517 259243
363.964786536 -7092 5454 259219
363.971576834 -7166 5327 259167
363.978350133 -6844 5453 259277
363.985154429 -6916 5357 259494
363.991948726 -7084 5409 259310
