639.108576139 -7024 5405 259423
639.114202927 -7141 5285 259444
639.119665663 -7140 5515 259353
639.125140402 -6759 5409 259398
639.130628146 -7015 5380 259207
639.136093882 -7256 5524 259213
639.141601632 -7089 5268 259387
639.147097378 -7076 5500 259119
639.152570117 -7028 5402 259228
639.15805686 -7125 5276 259534
639.163540602 -6997 5392 259255
639.169002337 -6990 5468 259355
639.174484079 -6961 5492 259131
639.179954817 -7164 5655 259299
639.185466568 -6987 5506 259169
639.191020333 -7133 5443 259218
639.196493071 -7094 5541 259605
639.201960808 -7184 5491 259148
639.207436548 -7199 5734 259451
639.212924292 -7097 5479 259102
639.218398031 -7042 5424 259102
639.223866768 -6908 5366 259063
639.229333505 -6848 5412 259213
639.23482525 -7249 5383 259322
639.240286985 -7195 5618 259289
639.245766726 -7067 5496 259169
639.251233463 -7015 5449 259243
639.256697199 -7073 5599 259104
639.262184942 -7013 5361 259449
639.267664683 -7010 5368 259361
639.273141423 -7053 5354 259246
639.278613161 -7004 5600 259413
639.2840859 -7128 5367 259515
639.289543634 -7066 5366 259326
639.295032378 -7167 5547 259137
639.300499115 -7069 5391 259257
639.305969853 -7095 5564 259327
639.311447593 -6974 5310 259254
639.316909328 -6971 5495 259508
639.322388069 -7151 5437 259098
639.327853806 -7204 5433 259559
639.333330546 -7059 5680 259540
639.338798283 -6851 5331 259116
639.344272022 -6951 5262 259722
639.349765767 -7009 5360 259303
639.355245508 -6956 5542 259633
639.360720247 -6972 5438 259091
639.366200989 -7101 5547 259273
639.371686732 -7030 5547 259430
639.377152468 -6969 5367 259101
639.38263521 -7025 5329 259278
639.388098946 -7055 5545 259224
639.393564682 -7013 5578 259525
639.39903342 -7083 5498 259255
639.404499156 -7055 5452 259493
639.4099869 -7002 5433 259582
639.415588679 -7100 5563 259286
639.421070421 -7180 5562 259297
639.426538158 -7259 5479 259337
639.432017899 -6969 5321 259340
639.437483636 -7042 5380 259450
639.442956374 -7012 5482 259621
639.44842011 -7313 5562 259239
639.453898851 -7002 5520 259350
639.459376591 -7090 5664 259206
639.464838326 -7035 5553 259547
639.470316067 -7283 5627 259360
639.475793807 -7096 5435 259309
639.481307559 -6853 5477 259058
639.486821311 -7085 5379 259389
639.492307053 -7029 5537 259518
639.497775791 -6966 5508 259425
639.503225522 -6929 5303 259183
639.508679255 -7020 5511 259426
639.514169999 -7110 5493 259213
639.51964774 -7197 5518 259124
639.525121479 -6965 5405 259472
639.530589216 -6920 5507 259336
639.536052952 -7044 5582 259391
639.541528691 -6812 5393 259169
639.546987426 -7148 5544 259170
639.552463165 -7287 5316 259459
639.557944907 -7128 5361 259587
639.563425648 -7087 5424 259216
639.568887384 -7156 5547 259294
639.574370125 -7188 5427 259375
639.579837863 -7080 5391 259414
639.585322605 -6950 5240 259632
639.590807348 -7163 5408 259578
639.596281087 -7218 5400 259591
639.601755826 -7159 5377 259293
639.607223563 -7015 5624 259411
639.612700303 -6946 5469 259410
639.618184045 -7070 5501 259183
639.623659777 -7045 5665 259273
639.629129492 -6981 5387 259300
639.634604209 -7170 5533 259539
639.640110935 -6970 5533 259375
639.645585652 -6946 5382 259051
639.651093379 -7115 5489 259214
639.656562094 -7009 5392 259219
639.662048814 -7265 5580 259214
639.667516529 -7128 5434 259581
639.672991246 -7089 5558 259346
639.678447957 -7069 5473 259274
639.68391167 -6969 5663 259404
639.689382385 -7131 5301 259147
639.694873107 -6849 5517 259221
639.700344823 -7031 5171 259131
639.705804535 -7116 5607 259349
639.711308261 -6987 5433 259502
639.71688701 -7125 5499 259140
639.722384734 -7032 5542 259355
639.727866453 -6964 5493 259543
639.733348172 -7162 5438 259463
639.738809884 -7171 5622 259187
639.7442816 -7259 5410 259441
639.749773322 -7006 5301 259335
639.755271046 -6990 5339 259185
639.760746763 -7109 5604 259308
639.766226481 -7053 5387 259068
639.771705199 -7109 5348 259235
639.777167912 -6967 5415 259205
639.78264563 -7195 5433 259223
639.788149356 -6943 5452 259384
639.793633075 -6978 5519 259399
639.799121796 -7099 5469 259484
639.80461852 -6860 5443 259185
639.810120245 -7068 5549 259548
639.815585959 -6955 5363 259527
639.821088684 -6916 5665 259370
639.826562401 -7113 5468 259183
639.832032116 -7083 5305 259323
639.837479824 -7019 5387 259431
639.842955541 -7040 5488 259300
639.848433259 -7122 5537 259534
639.853941986 -7100 5522 259485
639.859426706 -7208 5445 258977
639.864907424 -6980 5523 259200
639.870397146 -7171 5342 259404
639.87586286 -7189 5395 259462
639.881329574 -6983 5442 259176
639.886780283 -7155 5436 258936
639.892241996 -7131 5443 259158
639.897710711 -6928 5420 259216
639.903201432 -7104 5447 259294
639.908671147 -7009 5612 259353
639.914146864 -7138 5380 259264
639.919607577 -6909 5414 259096
639.9251023 -7162 5443 259447
639.930593021 -7120 5475 259466
639.936057735 -6892 5725 259169
639.941543455 -7157 5413 259529
639.94701317 -7086 5553 259411
639.952509894 -7074 5481 258950
639.958006617 -7180 5512 259446
639.963495338 -7135 5463 259390
639.968958051 -7085 5499 259372
639.97443977 -7116 5286 259155
639.979901483 -7094 5567 259483
639.985362195 -7057 5428 259694
639.990852917 -7158 5551 259196
639.996321632 -7379 5512 259181
640.001783344 -7123 5515 259632
640.007241056 -7226 5352 259502
640.012700768 -7044 5581 259183
640.018170483 -7011 5417 259554
640.023637197 -7239 5402 259333
640.029125918 -6885 5574 259275
640.034613639 -6959 5421 259126
640.040120366 -7198 5347 259308
640.04558908 -6972 5399 259190
640.051117814 -7146 5565 259261
640.05659153 -6794 5429 259130
640.062096257 -7140 5349 259322
640.067571974 -7211 5388 259323
640.073048691 -7242 5400 259242
640.078518406 -7149 5281 259176
640.083996124 -6971 5487 259321
640.089460837 -6961 5402 259760
640.094931553 -6759 5389 259533
640.100456285 -7073 5643 259576
640.107435474 -7090 5536 259553
640.11424761 -6946 5481 259122
640.121038739 -7080 5541 259179
640.127852876 -6866 5432 259275
640.134679016 -7070 5478 259266
640.141472146 -7026 5421 259230
640.148242269 -7022 5349 259205
640.155030398 -6898 5407 259390
640.161846535 -6879 5350 259239
640.168629662 -7063 5610 259347
640.175433796 -7041 5263 259250
640.182278942 -7040 5456 259363
640.189046064 -7038 5530 259284
640.195834193 -7064 5357 259306
640.202591311 -7094 5526 259086
640.209358433 -7312 5400 259353
640.216129557 -6927 5478 259298
640.222920686 -7042 5409 259182
640.22969481 -6889 5369 259201
640.236490941 -7179 5524 259449
640.243333087 -7202 5558 259439
640.250190237 -7212 5548 259519
640.256951357 -7150 5346 259401
640.263751489 -7320 5433 259461
640.270548621 -7230 5337 259509
640.277326746 -6929 5381 259108
640.284118876 -7039 5528 259329
640.290907004 -6938 5434 259198
640.297676127 -7238 5429 259115
640.304532277 -7149 5292 259264
640.311315404 -6834 5526 259426
640.318164551 -7013 5449 259291
640.324966684 -7035 5457 259359
640.331779821 -6959 5490 259354
640.338576952 -7166 5540 259160
640.34536208 -7050 5550 259642
640.35215521 -7148 5356 259074
640.358928334 -7172 5484 259270
640.365739469 -6897 5511 259374
640.372577614 -7026 5561 259454
640.379360741 -7250 5520 259470
640.386125862 -7200 5362 259446
640.392887982 -7233 5540 259274
640.399632097 -7083 5537 259351
640.406386215 -7035 5551 259595
640.413157338 -7069 5499 259389
640.419934463 -6802 5519 259408
640.42677961 -6972 5443 259257
640.433621755 -7103 5383 259236
640.440757993 -7263 5328 258921
640.447540119 -6977 5443 259197
640.45433425 -7337 5448 259194
640.461152388 -6946 5343 259336
640.467941517 -6949 5415 259517
640.474724644 -7042 5307 259311
640.481512772 -7047 5461 259370
640.488285896 -7001 5484 259052
640.495077026 -7083 5324 259241
640.501868155 -7059 5417 259318
640.508659285 -7161 5601 259124
640.515413402 -6972 5329 259506
640.522190527 -7185 5483 259237
640.52899166 -7107 5370 259408
640.535791792 -7074 5420 259159
640.54260793 -7089 5437 259162
640.549390056 -7043 5386 259457
640.556147175 -7184 5427 259193
640.563636524 -7252 5546 259521
640.570460663 -7175 5464 259142
640.577239789 -6892 5212 259182
640.584044923 -7186 5411 259112
640.590830051 -6988 5508 259293
640.59762018 -7144 5504 259297
640.604408308 -7048 5453 259278
640.611200438 -7190 5478 259368
640.618002571 -7015 5352 259350
640.625767991 -7013 5422 259427
640.632675128 -7062 5520 259205
640.639490238 -6978 5370 259364
640.64634636 -6964 5598 259284
640.653122457 -6836 5470 259476
640.659891552 -6890 5558 259269
640.666775682 -6956 5463 259598
640.673550779 -7060 5533 259371
640.680360887 -6876 5398 259061
640.68715699 -7071 5356 259325
640.693924085 -6926 5522 259018
640.700765202 -7127 5595 259237
640.7075433 -7000 5416 259422
640.714304392 -6982 5438 259215
640.721056482 -7067 5502 259299
640.727818575 -6957 5232 259048
640.734564663 -7095 5228 259189
640.741384773 -7059 5580 259217
640.74819088 -7086 5468 259141
640.754958975 -7235 5334 259358
640.761755078 -6993 5406 259387
640.768604198 -7007 5479 259318
640.775422308 -6998 5418 259220
640.782293434 -7166 5293 259186
640.789067531 -7302 5570 259388
640.795828623 -7273 5581 259055
640.803470989 -7126 5595 259183
640.810327111 -6933 5492 259379
640.817159225 -7103 5563 259178
640.823944325 -7041 5452 259345
640.830740428 -7144 5608 258987
640.837505522 -7010 5510 259227
640.844322632 -6910 5534 259354
640.851139742 -7046 5466 259772
640.857910837 -7013 5374 259422
640.864760958 -7121 5553 259244
640.871557061 -7083 5569 259241
640.878336159 -7129 5479 259014
640.885129261 -7237 5441 259246
640.891938369 -7258 5544 259232
640.898716467 -7123 5335 259313
640.905554583 -6961 5695 259157
640.912347685 -7006 5475 259392
640.91911578 -7024 5460 259471
640.925888876 -7183 5455 259360
640.932673976 -7104 5548 259410
640.939413062 -7092 5555 259275
640.946337205 -6978 5578 259336
640.95313931 -7239 5368 259300
640.959916408 -7089 5533 259305
640.966799538 -6918 5613 259407
640.973606645 -7242 5556 259413
640.98040775 -6885 5429 259294
640.987269873 -7112 5265 259528
640.994057974 -6912 5628 259110
641.000850076 -7138 5432 258885
641.007600165 -7009 5441 259376
641.014404271 -7010 5428 259596
641.021194373 -7183 5353 259139
641.027992477 -7028 5392 259263
641.034770574 -6912 5291 259238
641.041556675 -7183 5580 259298
641.048556841 -7094 5440 259318
641.055376952 -6933 5525 259533
641.06221907 -7059 5544 258914
641.069058186 -7131 5175 259465
641.075912308 -6860 5415 259374
641.082712412 -6986 5480 259193
641.089475505 -6974 5477 259623
641.096277611 -7025 5337 259480
641.103057709 -7009 5595 259527
641.109817801 -7095 5456 259219
641.116588897 -7024 5497 259318
641.123368995 -7035 5429 259399
641.130277133 -7069 5359 259295
641.137058232 -7176 5457 259566
641.143842332 -7123 5365 259585
641.150620429 -7118 5428 259382
641.157660608 -7049 5571 259279
641.164480719 -7170 5358 259344
641.171298829 -7172 5442 259278
641.178074926 -7002 5331 259048
641.184886034 -7025 5475 259266
641.191663132 -7013 5369 259322
641.198446231 -6992 5479 259319
641.20522933 -7366 5663 259538
641.212040438 -7047 5600 259164
641.218821537 -7195 5564 259187
641.225591632 -7086 5464 259380
641.232360727 -7087 5465 259094
641.239151829 -7215 5546 259455
641.245919924 -6916 5338 259499
641.253326216 -6988 5497 259619
641.260206345 -7197 5379 259529
641.267002449 -7061 5424 259619
641.273788549 -7090 5486 259483
641.280579651 -7000 5464 259352
641.287359749 -6902 5544 259309
641.294166856 -7077 5404 259433
641.301036982 -7093 5475 259506
641.307804077 -7008 5475 259190
641.314580174 -7099 5304 259281
641.321363273 -6830 5543 259365
641.328263409 -6946 5311 259422
641.335056511 -7126 5338 259195
641.341862618 -7088 5609 259335
641.348632713 -7055 5420 259617
641.355398807 -7123 5442 259360
641.362196911 -7068 5312 259408
641.36901302 -7039 5352 259360
641.37582813 -7166 5462 259092
641.382609228 -6954 5394 259301
641.389376323 -6875 5528 259360
641.396150419 -7150 5590 259404
641.402931518 -7198 5200 259382
641.409704614 -7085 5469 259153
641.416501718 -6921 5409 259087
641.423288819 -6986 5386 259517
641.430220964 -7043 5271 259241
641.437068083 -7101 5289 259579
641.443832177 -7086 5478 259240
641.450622278 -6937 5297 259350
641.457387372 -6951 5441 259220
641.464208483 -7082 5412 259623
641.47101559 -6865 5598 259385
641.477825697 -7056 5332 259417
641.484611798 -6926 5520 259193
641.491422906 -6880 5331 259566
641.498196002 -6926 5453 259654
641.504988104 -7253 5324 259470
641.511764201 -7165 5490 259454
641.518583312 -7165 5406 259239
641.525380415 -7094 5463 259387
641.532161514 -7080 5609 259564
641.538939612 -7094 5534 259069
641.545712708 -7100 5313 259386
641.552558827 -7139 5468 259380
641.559335924 -7195 5550 259287
641.566129027 -7083 5453 259539
641.572986149 -6908 5501 258901
641.579772249 -7163 5604 259261
641.586548346 -6939 5313 259419
641.593332446 -7053 5641 259240
641.600188568 -7297 5498 259218
641.606966666 -7098 5476 259235
641.613754767 -7001 5408 259086
641.620537865 -7166 5625 259473
641.627307933 -7113 5531 259392
641.634066998 -6978 5406 259328
641.640919091 -7088 5505 259378
641.647717168 -7094 5373 259375
641.654570261 -7082 5518 259192
641.661391345 -7079 5571 259319
641.668196424 -7004 5509 259534
641.674998502 -7009 5388 259506
641.681808582 -6973 5558 259560
641.688588653 -7173 5583 259334
641.695376727 -7172 5336 259459
641.702169802 -7248 5343 259484
641.708934869 -7027 5475 259177
641.715716941 -7116 5520 259603
641.722562032 -6968 5451 259364
641.729336101 -7136 5367 259191
641.736112171 -6951 5450 259246
641.742881239 -6822 5347 259399
641.749656309 -6956 5501 259470
641.756410372 -7108 5466 259597
641.763288473 -7073 5319 259318
641.770198584 -7012 5538 259216
641.777012665 -7172 5427 259366
641.783790736 -7182 5619 259072
641.790637828 -6870 5338 259247
641.7974199 -7152 5318 259489
641.804200971 -6968 5264 259297
641.811017053 -7010 5340 259106
641.817789122 -7033 5469 259223
641.824581197 -6970 5286 259200
641.831357267 -6923 5429 259447
641.83811033 -6968 5590 259194
641.844913408 -7189 5422 259381
641.851716486 -7282 5504 259248
641.858483553 -7033 5514 259452
641.865264625 -6990 5567 259579
641.87209071 -6948 5578 259517
641.878890788 -7217 5369 259335
641.885682862 -7018 5640 259182
641.892538957 -7112 5389 259363
641.899320028 -6849 5292 259164
641.906085095 -6885 5430 259194
641.91290918 -7012 5523 259274
641.919657241 -7178 5566 259498
641.926601362 -7275 5480 259266
641.933428448 -7039 5337 259350
641.94031055 -7026 5411 259442
641.947097624 -6834 5447 259541
641.953875694 -7113 5532 259007
641.960664768 -7010 5442 259194
641.967442839 -6859 5483 259489
641.974292931 -7257 5563 259095
641.981158028 -6996 5479 259506
641.987900088 -7038 5465 259461
641.994675158 -7133 5369 259347
642.001495241 -6989 5472 259288
642.008246304 -7149 5515 259209
642.015016372 -6963 5474 259546
642.021844458 -7002 5519 259286
642.028609524 -7082 5442 259176
642.035388595 -7094 5572 259437
642.042168666 -6975 5434 259196
642.049046767 -7137 5223 259053
642.055845844 -6941 5621 259098
642.06270494 -7032 5186 259464
642.06948201 -7131 5694 259534
642.076286089 -6843 5593 259421
642.083082165 -6955 5476 259214
642.089852233 -6964 5597 259414
642.0966193 -7144 5525 259034
642.10342938 -6960 5488 259397
642.110226457 -6984 5524 259197
642.116989523 -7148 5348 259456
642.123781598 -7140 5384 259432
642.130570672 -7188 5420 259245
642.13734174 -7027 5558 259161
642.144122811 -7041 5471 259367
642.150900882 -7128 5600 259088
642.157678953 -7103 5452 259308
642.164465026 -7135 5490 259418
642.171271105 -7018 5478 259473
642.178084186 -7196 5508 259292
642.184960287 -7122 5309 259279
642.19174636 -7206 5502 259233
642.198533433 -6996 5461 259080
642.205370522 -7193 5425 259230
642.212169599 -7219 5421 259583
642.218955672 -7049 5452 259426
642.225740744 -7110 5551 259423
642.232581834 -6971 5297 259193
642.239356904 -7082 5447 259394
642.246133974 -7073 5543 259422
642.252867031 -7017 5493 259274
642.259612092 -6948 5404 259314
642.266352151 -6838 5301 259498
642.273297272 -7213 5475 259307
642.28036243 -7019 5436 259332
642.287166509 -7028 5374 259340
642.293963585 -6942 5465 259520
642.30075566 -7134 5660 259463
642.307522727 -7023 5605 259320
642.314283793 -7113 5277 259176
642.321151891 -7047 5505 259423
642.327931962 -7076 5408 259242
642.334784055 -6967 5666 259474
642.341571129 -6897 5285 259540
642.348336195 -7217 5323 259351
642.355104263 -6967 5405 259218
642.361910342 -7008 5612 259292
642.368687412 -7198 5278 259291
642.376376761 -7087 5375 259051
642.383219852 -6965 5469 259275
642.390076946 -7057 5466 259407
642.396857018 -6936 5463 259255
642.403630087 -7247 5290 259380
642.410406157 -6925 5505 259219
642.417232242 -7096 5598 259443
642.42403432 -7000 5525 259623
642.430846401 -6905 5420 259296
642.437624471 -7062 5329 259277
642.444414546 -6970 5378 259143
642.451193616 -7215 5329 259264
642.457973688 -7067 5450 259329
642.464760761 -7185 5354 259293
642.471546834 -7108 5463 259193
642.478295896 -6871 5564 259354
642.485214009 -7118 5563 259423
642.492030091 -6762 5581 259569
642.49880316 -7003 5470 259081
642.505558224 -7135 5539 259412
642.512327292 -7097 5469 259178
642.519101361 -6973 5568 259555
642.525902439 -6948 5459 259045
642.532698515 -7112 5384 259428
642.539461581 -6958 5486 259242
642.546230649 -6993 5551 259274
642.553016722 -7143 5357 259054
642.559762783 -6995 5458 259152
642.566524848 -7170 5473 259254
642.573426957 -7088 5492 259473
642.580220032 -6853 5366 259531
642.587019109 -6988 5546 259411
642.593813184 -6977 5606 259060
642.600617263 -6907 5508 259337
642.607390332 -7123 5406 259201
642.614232422 -7139 5472 259295
642.621022492 -7141 5451 259250
642.627816541 -7103 5466 259277
642.634580581 -6982 5279 259161
642.641355624 -7257 5460 259228
642.648169678 -6890 5564 259583
642.654947722 -7073 5322 259475
642.661721765 -6898 5279 259226
642.668506811 -7215 5682 259353
642.675287855 -7254 5467 259201
642.682094908 -7019 5337 259233
642.688964979 -7117 5318 259313
642.695792038 -7159 5461 259175
642.702585086 -6941 5304 259350
642.709442154 -7010 5432 259480
642.716213196 -7121 5435 259034
642.72299124 -7002 5342 259036
642.729763282 -7073 5270 259323
642.736546327 -7082 5567 259183
642.743316368 -7157 5452 259036
642.750169435 -7067 5477 259353
642.756914469 -7284 5418 259283
642.763682509 -7004 5483 259336
642.770491563 -6978 5511 259147
642.777310619 -7001 5518 259392
642.784104667 -7095 5421 259288
642.790956734 -7208 5379 259407
642.797757784 -7051 5374 259264
642.804537829 -7146 5501 258935
642.811329877 -7053 5407 259264
642.818099918 -7209 5451 259198
642.824878962 -6930 5245 259484
642.831658006 -7064 5469 259517
642.838441052 -7186 5348 259461
642.845229099 -7051 5524 259269
642.852090167 -7036 5357 258858
642.858855207 -7167 5393 259203
642.865625249 -7191 5509 259369
642.872421298 -7150 5508 259355
642.879191339 -7129 5612 259143
642.885981387 -7252 5272 259262
642.892825451 -6973 5562 259493
642.8996215 -6909 5401 259417
642.906429553 -6799 5560 259247
642.913310628 -7227 5444 259038
642.920180699 -7262 5517 259547
642.927010759 -7094 5447 259303
642.933792804 -7280 5463 259346
642.94058085 -7198 5371 259157
642.947347891 -7206 5430 259339
642.954101928 -6920 5480 259194
642.960891975 -7092 5429 258983
642.967697027 -7099 5382 259616
642.974493076 -7105 5411 259467
642.98130513 -6930 5513 259454
642.988071171 -7008 5325 259106
642.995097289 -7004 5295 259221
643.001922347 -6955 5522 259294
643.008671382 -6798 5362 259245
643.020596978 -7023 5421 259333
643.027444043 -7104 5407 259332
643.034210083 -6991 5478 259490
643.041003131 -6905 5488 259035
643.047821187 -7104 5465 258993
643.054614236 -7098 5367 259538
643.061450297 -6995 5424 259151
643.068236343 -6901 5537 259282
643.075027391 -7014 5558 259412
643.081900463 -7158 5271 259267
643.088690511 -7163 5289 259437
643.095484559 -7211 5475 259467
643.102306617 -6905 5397 259175
643.10911567 -7252 5532 259606
643.115895714 -7047 5567 259458
643.122672758 -7086 5356 259260
643.129482811 -7118 5417 259371
643.136270858 -7164 5549 259105
643.143094916 -7159 5565 258955
643.149863957 -6990 5174 259086
643.156743031 -7071 5387 259315
643.163526076 -7085 5495 259347
643.170323126 -7091 5572 259195
643.177141182 -7051 5455 259715
643.183951235 -6984 5450 259091
643.190746284 -7224 5459 259628
643.197606353 -6996 5622 259412
643.20442941 -7148 5452 259165
643.211240464 -7152 5423 259306
643.218010505 -7031 5335 259362
643.224796552 -6919 5406 259708
643.231581597 -6724 5353 259287
643.238352639 -7085 5631 259165
643.245155691 -7235 5363 259326
643.251911728 -7052 5413 259175
643.258676768 -7115 5509 259304
643.265474817 -7077 5355 259150
643.272237857 -6969 5522 259390
643.279071917 -6968 5585 259178
643.285827955 -7110 5569 259362
643.293158165 -7020 5481 259313
643.299958215 -6924 5454 259355
643.306868299 -6911 5442 259457
643.313659347 -7145 5497 259169
643.320461398 -7185 5295 259388
643.327307462 -7095 5497 259172
643.334108513 -6918 5380 259459
643.340893559 -7112 5453 259445
643.347659599 -7035 5325 259331
643.354431641 -7041 5361 259174
643.361232692 -7198 5654 259356
643.368001733 -6905 5491 259255
643.374770774 -7020 5520 259288
643.381681858 -7262 5280 259619
643.3884549 -7026 5294 259220
643.395245948 -7153 5449 259577
643.402036996 -6853 5571 259448
643.408836046 -7036 5182 259419
643.415646099 -6893 5461 259353
643.422558184 -7196 5766 259397
643.429335227 -7114 5477 259420
643.43611127 -6923 5634 259245
643.442895316 -7016 5385 259244
643.449671359 -7184 5406 259679
643.456445402 -6968 5520 259132
643.463219444 -7121 5375 259255
643.469990486 -7030 5362 259119
643.476945583 -7121 5358 259457
643.483748635 -6874 5504 259575
643.490567691 -7067 5888 259434
643.497388748 -6855 5407 259446
643.504164791 -6990 5529 259083
643.510985848 -7015 5403 259245
643.517796901 -7161 5564 259432
643.524567943 -7160 5470 259184
643.531360992 -7009 5528 259018
643.538134034 -7053 5636 259302
643.544928082 -6811 5616 259450
643.551702125 -7231 5505 259525
643.558464164 -6952 5189 259074
643.56528122 -7100 5445 259193
643.572072267 -7134 5571 259258
643.578872318 -7018 5600 259560
643.585665366 -7194 5595 259200
643.592436408 -7091 5724 259236
643.599230457 -7080 5429 259187
643.606061516 -6921 5395 258991
643.612956595 -7181 5394 259382
643.61977065 -7209 5357 259124
643.626554682 -7089 5535 259237
643.633353705 -6831 5468 259529
643.640197742 -7262 5510 259188
643.647018773 -7055 5478 259179
643.653837802 -7242 5690 258941
643.660804876 -7046 5540 259341
643.667579893 -7067 5541 259545
643.674318899 -6982 5506 259159
643.68111092 -6907 5463 259379
643.687910944 -7078 5323 259389
643.694706967 -7171 5492 259180
643.701495988 -7005 5530 259354
643.708259001 -6969 5443 259268
643.715050022 -7292 5501 259167
643.721841044 -7086 5463 259295
643.728664074 -7167 5465 259225
643.735478103 -7127 5351 259408
643.742267123 -7059 5398 259193
643.749040139 -7141 5527 259596
643.755821158 -7049 5482 259242
643.762736216 -6959 5488 259164
643.769583254 -7108 5470 259551
643.776374275 -7236 5512 259678
643.78324332 -6896 5414 259184
643.790107363 -6950 5380 259079
643.79688438 -7060 5758 259355
643.803680403 -7125 5569 259360
643.810467423 -7120 5317 259444
643.817274449 -7131 5338 259241
643.824084476 -7018 5532 259377
643.830908507 -7127 5614 259487
643.837766549 -6900 5597 259419
643.84455757 -7053 5572 259299
643.85134559 -7059 5684 259344
643.858107603 -6981 5247 259306
643.864906627 -6961 5564 259156
643.871685645 -7189 5497 259086
643.878439655 -6985 5595 259454
643.885231677 -7098 5293 259156
643.8920307 -7157 5493 259265
643.898802716 -7128 5554 259444
643.905731778 -7209 5379 259265
643.912581817 -7127 5547 259107
643.919396846 -7011 5589 259203
643.92619787 -7016 5396 259331
643.93298489 -6916 5372 259137
643.939746903 -7097 5558 259165
643.94652392 -7115 5472 259359
643.953313941 -7129 5414 259220
643.960170982 -7204 5423 259188
643.966949 -6856 5147 259052
643.97383905 -7002 5425 259126
643.980637074 -7080 5464 259140
643.987430096 -7095 5324 259135
643.994177104 -7119 5457 259282
644.000953121 -7073 5409 259424
644.007758146 -7024 5751 259358
644.014529162 -6950 5211 259144
644.021576259 -7050 5497 259482
644.028370282 -7184 5436 259373
644.035145298 -7049 5434 259241
644.041930318 -7118 5639 259120
644.048704334 -7181 5484 259103
644.055494355 -6983 5500 259603
644.062282376 -7166 5326 259218
644.06905039 -7060 5610 259368
644.075826407 -6886 5500 259398
644.082631432 -6967 5428 259199
644.089384442 -7112 5486 259627
644.096179465 -7191 5548 259401
644.102980489 -6954 5384 259453
644.109798519 -7044 5423 259171
644.116567533 -7092 5420 259101
644.123386563 -7054 5522 259073
644.146850547 -7138 5470 259355
644.153756603 -7130 5374 259437
644.160553626 -6896 5571 259149
644.167412667 -7271 5589 259378
644.17420669 -6903 5326 259559
644.181014716 -6997 5232 259091
644.187771727 -6990 5402 259484
644.194542743 -6934 5517 259215
644.20135377 -6947 5479 259241
644.208158795 -7184 5216 259467
644.214942815 -7221 5362 259324
644.221772848 -7131 5365 259091
644.228544863 -7070 5388 259265
644.235350889 -7006 5303 259245
644.242158916 -7150 5394 259311
644.248940934 -7186 5383 259369
644.255729955 -7324 5353 259381
644.262579994 -7287 5307 259261
644.269360012 -7284 5276 259513
644.276130027 -7008 5608 259196
644.282933052 -7059 5587 259319
644.289743079 -7184 5462 259149
644.296493088 -7018 5531 259310
644.30335413 -7000 5524 259306
644.310203169 -7166 5559 259600
644.316971183 -6856 5470 259495
644.323764205 -7083 5570 259379
644.330646254 -7175 5415 259232
644.337443277 -6985 5523 259382
644.344223295 -7011 5525 259514
644.351008315 -6816 5589 259365
644.357811339 -7351 5557 259274
644.364597359 -7168 5581 259426
644.37138738 -6924 5523 259153
644.378144392 -7013 5401 259109
644.384963421 -7122 5490 259670
644.391775449 -7013 5289 259412
644.398556467 -6922 5471 259324
644.405346488 -7113 5534 258849
644.412330567 -7086 5561 259237
644.419180606 -7040 5415 259448
644.425958623 -6979 5499 259290
644.432780654 -7072 5563 259377
644.439574676 -6967 5442 259521
644.446367698 -7262 5436 259301
644.453152718 -6815 5515 259206
644.459918732 -7188 5441 259273
644.466793778 -6991 5559 259039
644.473580798 -7131 5271 259244
644.480382823 -7159 5596 259098
644.487232862 -7274 5525 259393
644.494052892 -7197 5483 259466
644.500854916 -7175 5589 258837
644.50765494 -6942 5451 259000
644.514437959 -7037 5380 259425
644.521251987 -6976 5509 259243
644.528032005 -7144 5535 259319
644.534841032 -6795 5537 259278
644.541650059 -6969 5339 259258
644.548461086 -7114 5544 259561
644.555225099 -7197 5436 259449
644.561978109 -7020 5492 258913
644.568761128 -6976 5595 259423
644.575548149 -6988 5404 259295
644.582344171 -7168 5623 259225
644.58912519 -7170 5382 259398
644.59591321 -7042 5484 259483
644.602713234 -6995 5625 259457
644.609489251 -7008 5635 259376
644.616275271 -7104 5507 259175
644.623071284 -7077 5421 259382
644.629885286 -7137 5463 259239
644.636783313 -7118 5544 259212
644.643592313 -7047 5445 259205
644.650390311 -7128 5364 259255
644.657166302 -7187 5470 259351
644.663962299 -7128 5693 259358
644.670748292 -7049 5300 259111
644.677516281 -7149 5444 259406
644.684398303 -7102 5684 259281
644.691197301 -7082 5410 259113
644.697943283 -6810 5495 259373
644.704709271 -7218 5352 259405
644.711531275 -7128 5466 259135
644.718276257 -6890 5545 259435
644.725086258 -7249 5537 259566
644.731918266 -6917 5456 259336
644.738700258 -7177 5283 259434
644.745502257 -7075 5441 259414
644.752321261 -7135 5545 259329
644.759062241 -6785 5379 259633
644.765823228 -7199 5289 259433
644.772616224 -6979 5388 259479
644.779387213 -7023 5463 259317
644.786180209 -6961 5339 259524
644.792984208 -7050 5321 259309
644.799735192 -7068 5361 259646
644.80650318 -6952 5512 259333
644.813303178 -7180 5590 259162
644.820154191 -6948 5423 258919
644.826993201 -7246 5481 259545
644.833835211 -7131 5418 259453
644.84067322 -7063 5488 259126
644.847554242 -7168 5388 259179
644.85435424 -7344 5485 259281
644.861138233 -7123 5441 259330
644.867910223 -7116 5376 259237
644.874688215 -7020 5555 259174
644.88147721 -7049 5420 259338
644.888277208 -7231 5450 259213
644.895079206 -7152 5684 259276
644.901852196 -6866 5488 259379
644.908640191 -7120 5706 259159
644.915413181 -7226 5398 259515
644.922214179 -7004 5455 259221
644.928971164 -7112 5591 259447
644.935754157 -7241 5429 259353
644.942586165 -6907 5494 259101
644.949383162 -6933 5378 258954
644.956143148 -6938 5306 259278
644.963903428 -7197 5574 259282
644.970731435 -6887 5281 259313
644.977504425 -7172 5617 259353
644.984307423 -7094 5581 259233
644.991112423 -6951 5572 259385
644.997867408 -7143 5506 259138
645.00461439 -7254 5249 259248
645.011408386 -7068 5276 259112
645.018185378 -7105 5618 259504
645.024971371 -7034 5663 259359
645.031749363 -7177 5754 259377
645.038500347 -7175 5457 259279
645.045323351 -7080 5666 259103
645.052150357 -7062 5338 259162
645.058924348 -6982 5338 259382
645.065725346 -6936 5418 259377
645.072567356 -7059 5402 259472
645.079384359 -6984 5491 259175
645.086249376 -7047 5304 259311
645.093042372 -7071 5494 259274
645.09980736 -7200 5488 259508
645.10658035 -7072 5383 259428
645.113389351 -7175 5392 259489
645.120234362 -6986 5380 259296
645.127010353 -7082 5228 259174
645.13384136 -7251 5539 259174
645.140634356 -6975 5486 259206
645.147460362 -6992 5359 259296
645.15426236 -6906 5536 259278
645.161072361 -7176 5360 259458
645.167859355 -7016 5661 259598
645.17464835 -7037 5493 259403
645.181436345 -6983 5490 259277
645.18822634 -7081 5529 259356
645.195010333 -7013 5442 259547
645.201800328 -6884 5409 259472
645.208594324 -7110 5559 259156
645.215377317 -7189 5450 259215
645.222317356 -6868 5451 259389
645.229095348 -6888 5561 259430
645.235871339 -7126 5388 259306
645.242668336 -6891 5371 259265
645.249440326 -7037 5510 259535
645.256223319 -7013 5353 259359
645.26300031 -7101 5484 259553
645.269779302 -7223 5534 259394
645.276553292 -6997 5470 259261
645.283332284 -6921 5397 259323
645.29022931 -6977 5537 259299
645.297026308 -6986 5431 259539
645.303821304 -7144 5481 259188
645.310617301 -7170 5385 259182
645.317383289 -7132 5293 259560
645.324171283 -7083 5463 259287
645.330996289 -6936 5437 259399
645.337785283 -7155 5345 258941
645.344571277 -7008 5518 259153
645.351355271 -7092 5356 259573
645.358219287 -7090 5796 259359
645.364998279 -7043 5490 259591
645.371811281 -7036 5366 259187
645.378612279 -7043 5533 259256
645.385492301 -7110 5584 259456
645.392290298 -7065 5532 259034
645.399066289 -7067 5357 259249
645.40584128 -7262 5608 259470
645.412674288 -6954 5451 259399
645.41945628 -6889 5517 259169
645.426250277 -7125 5248 259315
645.433044273 -7017 5473 259234
645.439823265 -7085 5397 259431
645.446589253 -7101 5431 259332
645.453410257 -7206 5438 259143
645.460220258 -7098 5604 259463
645.466988246 -7036 5613 259414
645.473794246 -7064 5466 259374
645.480603247 -7301 5534 259692
645.487391241 -7131 5404 259189
645.494280265 -6861 5441 259476
645.501075262 -7031 5542 259328
645.507821244 -7114 5500 259362
645.514594234 -6978 5561 259234
645.521430243 -6969 5468 259386
645.528213236 -7073 5303 259072
645.53500023 -7190 5555 259452
645.541788224 -6938 5464 259603
645.548562215 -6975 5572 259074
645.555322201 -7058 5432 259371
645.562404282 -7086 5444 259265
645.569207281 -6925 5481 259198
645.576002277 -7017 5697 259342
645.582790272 -7121 5382 259287
645.589582267 -7116 5368 259621
645.596343254 -6925 5591 259423
645.603120245 -6885 5603 259295
645.609919243 -7046 5481 259156
645.616881288 -7037 5451 259413
645.623769302 -7161 5515 259358
645.630570275 -7155 5677 259044
645.637338238 -7132 5378 259477
645.644123206 -6954 5634 259187
645.650916176 -6898 5561 259068
645.657697143 -7153 5545 259475
645.664746188 -7217 5394 259248
645.671593174 -7080 5464 259445
645.678418153 -7158 5599 259304
645.685203122 -7112 5540 259248
645.692016098 -7026 5585 259185
645.698803066 -7094 5620 259414
645.705602038 -6972 5392 259016
645.712418015 -7100 5547 259171
645.719202983 -7320 5254 259332
645.725986951 -6916 5456 259227
645.732766918 -7090 5438 259679
645.73956689 -7106 5342 259341
645.746342856 -6893 5443 259118
645.753128824 -7128 5469 259200
645.759877781 -7001 5369 259295
645.767392961 -6955 5316 259291
645.774235946 -7160 5570 259434
645.78104192 -6960 5243 259282
645.787825888 -7152 5467 259290
645.794607855 -7026 5393 259148
645.801408828 -7018 5239 259512
645.808195796 -7206 5491 259224
645.815019776 -7158 5403 259384
645.821794741 -7044 5292 259292
645.828586711 -6968 5612 259480
645.835360676 -7128 5236 259317
645.842238671 -7127 5572 259185
645.849014636 -7320 5625 259176
645.85585362 -7074 5538 259682
645.862902665 -7017 5467 259311
645.86971264 -6996 5364 259313
645.876474601 -7065 5371 259032
645.883264571 -7102 5353 259299
645.890177576 -6979 5357 259373
645.897859804 -7130 5339 259300
645.904709791 -7100 5567 259305
645.911506763 -7079 5504 259152
645.918318738 -7131 5506 259461
645.925089702 -7097 5565 259076
645.931910681 -7380 5503 259372
645.938684646 -7112 5603 259458
645.945472615 -7180 5285 259322
645.952255582 -7006 5407 259108
645.959027546 -6986 5270 259111
645.965841523 -7091 5360 259525
645.972645496 -7171 5387 259508
645.979423462 -6871 5416 259616
645.98627645 -6924 5455 259574
645.993104431 -6961 5482 259475
645.999938413 -7111 5548 259464
646.006772395 -7077 5339 259327
646.013541358 -7049 5628 259317
646.020343331 -7015 5326 259558
646.027159308 -7158 5371 259339
646.033946277 -7027 5638 259487
646.040746249 -7188 5474 259369
646.047523215 -7072 5310 259323
646.054358198 -7023 5486 259250
646.061140165 -6979 5569 259034
646.068002155 -7024 5376 259576
646.074851142 -7055 5369 259109
646.081647113 -6995 5573 259403
646.088450086 -7211 5284 259488
646.095262062 -7011 5383 258944
646.102062035 -7004 5372 259289
646.108832999 -7059 5505 259072
646.115608964 -7087 5310 259473
646.12238793 -6970 5545 259377
646.129183901 -7278 5366 259418
646.13600688 -7165 5421 259027
646.14279585 -7120 5454 259352
646.149565813 -6944 5510 259475
646.156326774 -7167 5276 259350
646.163115744 -6953 5214 259320
646.17030783 -7140 5405 259328
646.17713481 -7033 5560 259102
646.183982796 -6963 5506 258988
646.190763763 -7027 5462 259313
646.197564736 -7062 5565 259232
646.204360707 -6997 5326 259346
646.211149676 -7189 5280 259337
646.217932644 -7213 5622 259502
646.224713611 -7046 5501 259312
646.231487575 -6972 5384 259633
646.238270543 -6878 5577 259302
646.245059512 -7154 5424 259450
646.251909499 -6910 5382 259241
646.258664458 -6949 5499 259578
646.265401412 -6914 5295 259113
646.27218538 -6972 5281 259247
646.279001357 -7061 5497 259085
646.285809332 -6950 5330 259232
646.292618307 -7108 5515 259549
646.299413278 -6924 5540 259476
646.306242259 -7052 5464 259401
646.313042231 -7011 5505 259247
646.319887216 -7261 5448 259324
646.326740204 -7218 5307 259168
646.333522171 -7049 5616 259589
646.340322144 -7176 5374 258905
646.347098109 -6835 5412 258944
646.353889079 -7197 5560 259521
646.360674047 -7077 5382 259383
646.367474019 -7160 5454 259516
646.374251985 -7103 5430 259267
646.381075965 -7053 5465 259413
646.387861933 -7131 5425 259743
646.394648902 -7091 5495 259442
646.401432869 -7147 5307 259323
646.40822884 -7163 5546 259269
646.415016809 -6977 5376 259370
646.421807779 -7018 5363 259427
646.42856874 -7209 5431 259361
646.435331702 -7223 5515 259312
646.442145678 -6966 5443 259566
646.448936648 -6999 5609 259501
646.455720616 -7249 5303 259234
646.462599611 -7149 5415 259189
646.469360572 -7031 5475 259413
646.476126535 -7086 5348 259074
646.482951514 -7117 5411 259129
646.489755488 -6900 5475 259465
646.496568464 -7110 5514 259138
646.503362435 -7120 5485 259027
646.510192416 -7024 5356 259421
646.516969382 -7233 5344 259161
646.52375635 -6947 5373 259214
646.530534316 -7067 5256 259424
646.537328287 -7071 5385 259308
646.544121257 -7102 5398 259380
646.550904225 -7015 5563 259225
646.557669187 -7041 5445 259377
646.564446152 -7186 5526 259191
646.571240123 -6927 5351 259669
646.578008086 -7161 5454 259210
646.584823063 -7072 5494 259437
646.591703059 -6895 5476 259314
646.598597058 -6797 5399 259345
646.605381026 -6872 5583 259376
646.612147989 -7076 5457 259316
646.618929956 -6995 5504 259284
646.625749924 -7305 5445 259241
646.63268291 -7123 5433 259389
646.639441845 -6990 5420 259485
646.646209783 -7161 5499 259346
646.653006729 -7191 5406 259414
646.659781669 -7214 5273 258941
646.666547607 -6911 5526 259590
646.673345553 -6947 5257 259518
646.680224523 -6974 5198 259458
646.687044476 -6927 5603 258924
646.693856427 -6999 5571 259366
646.700663376 -7016 5423 259239
646.707438316 -7082 5427 259632
646.714234262 -7104 5459 259141
646.721029208 -7117 5451 259220
646.727797146 -7107 5570 259638
646.734689119 -7121 5374 258944
646.741452056 -7247 5468 259296
646.748246001 -7162 5625 259242
646.755013939 -7088 5484 259179
646.761800883 -7028 5452 259278
646.768591827 -7140 5391 259418
646.77537577 -7041 5355 259155
646.782145708 -7001 5535 259103
646.788972663 -7222 5666 259393
646.795760607 -7033 5407 259378
646.803510826 -7122 5296 259399
646.810378793 -7071 5546 259107
646.817127726 -7305 5365 259117
646.823955681 -7092 5424 259480
646.830872661 -6986 5539 259362
646.837639599 -6939 5360 259005
646.84441654 -7108 5466 259471
646.851220488 -7130 5427 259479
646.85800243 -6974 5514 258842
646.864783372 -7046 5252 259398
646.871579318 -7056 5280 259264
646.878340254 -6971 5518 259295
646.885111193 -6947 5433 259316
646.891935147 -7262 5309 259391
646.898738095 -6804 5640 259323
646.905551046 -7026 5341 259378
646.912401007 -7055 5325 259536
646.919183949 -7068 5353 259113
646.925958889 -7178 5336 259467
646.932742832 -6955 5233 259303
646.939506769 -7173 5421 259590
646.946275707 -6982 5433 259335
646.953084657 -7011 5528 259157
646.959861597 -7013 5251 259172
646.966810587 -6851 5382 259243
646.973601532 -7050 5333 259117
646.980388475 -7175 5433 258952
646.987157414 -7164 5545 259534
646.993991371 -6894 5302 259212
647.000862338 -7184 5436 259309
647.007614271 -7146 5472 259280
647.014374207 -7206 5513 259487
647.021178155 -7072 5334 259452
647.027922087 -7175 5438 259170
647.034655015 -7105 5523 259372
647.042066137 -7085 5259 259391
647.048882088 -7049 5340 259441
647.055678035 -7050 5414 259129
647.062453975 -6973 5271 259563
647.069242919 -7073 5611 259379
647.07602086 -6856 5537 259412
647.08283181 -7095 5463 259395
647.089604749 -7086 5583 259313
647.0964167 -7131 5609 259315
647.103238654 -7086 5266 259495
647.110093616 -7166 5469 259268
647.11684455 -7186 5505 259376
647.123645497 -7054 5360 259254
647.130507462 -7059 5472 259254
647.137288404 -7116 5466 259280
647.14422439 -7047 5656 259076
647.151005332 -7166 5569 259290
647.157792275 -7125 5463 259261
647.164566215 -6975 5390 259482
647.171349157 -7063 5371 259223
647.178121096 -7040 5418 259246
647.18491004 -6855 5481 259458
647.191700985 -7091 5600 259137
647.198516936 -6992 5459 259224
647.205311882 -7047 5595 259331
647.212090823 -7059 5477 259639
647.218861762 -7116 5460 259414
647.225658709 -7110 5547 259286
647.232425646 -7074 5490 259365
647.239194585 -7046 5447 259207
647.245955521 -7187 5409 259193
647.252703453 -7123 5474 259315
647.259458387 -7011 5631 259101
647.266225325 -7176 5366 259598
647.273041277 -7139 5431 259497
647.279808214 -7002 5369 259380
647.286549145 -6941 5486 259162
647.293337088 -7102 5598 259378
647.300249068 -6948 5241 259334
647.307049015 -7142 5403 259225
647.313854964 -7041 5500 259086
647.320638906 -6999 5341 259203
647.327406844 -6942 5365 259020
647.334195788 -6989 5506 259203
647.340986733 -6907 5407 259641
647.347744668 -6901 5313 259384
647.354551617 -7040 5439 259392
647.361347563 -7191 5289 259362
647.368191523 -7067 5409 259548
647.374986469 -7095 5523 259075
647.381756407 -6991 5621 259382
647.388537349 -7045 5406 259544
647.395318291 -6973 5403 259538
647.402179255 -6984 5437 259373
647.408975201 -7055 5549 259272
647.415759144 -6873 5239 259410
647.422609105 -6978 5468 259080
647.429374043 -6896 5451 259533
647.436125976 -6840 5414 259194
647.442898915 -6887 5497 259292
647.449664853 -7162 5411 259139
647.456459799 -6766 5302 259356
647.463258745 -6993 5493 259479
647.470103705 -7016 5491 259058
647.476941664 -6992 5564 259452
647.483730608 -7134 5382 259483
647.490592572 -6959 5367 259418
647.497379516 -7118 5669 259262
647.504432536 -7314 5344 259066
647.511216478 -7055 5451 259369
647.517995419 -7065 5667 259409
647.524769359 -6929 5295 259162
647.531553302 -7124 5526 259537
647.538334243 -7080 5399 259341
647.545121187 -7146 5462 259664
647.551912131 -7011 5434 259288
647.558744088 -7096 5670 259229
647.565578045 -7081 5370 259527
647.572384994 -7031 5532 259121
647.579172937 -7148 5568 259342
647.585960881 -7211 5529 259171
647.592755827 -7177 5471 259059
647.59953977 -7074 5456 259218
647.60635072 -7073 5673 259234
647.613172673 -7077 5544 259345
647.619947613 -7132 5460 259175
647.626820557 -6826 5464 259183
647.633619479 -6921 5418 259583
647.640434405 -6909 5556 259175
647.64809157 -7032 5576 259323
647.655027531 -7291 5515 259300
647.661812449 -7074 5487 259531
647.668605369 -7149 5614 259103
647.675371282 -6969 5559 259402
647.682141196 -6863 5421 259272
647.688928114 -7012 5550 259097
647.695707031 -7136 5494 259372
647.702592978 -7149 5190 259059
647.709417907 -7005 5299 259199
647.716213828 -7141 5240 259279
647.723000747 -7040 5407 259325
647.72976766 -7018 5358 259027
647.736554578 -7245 5539 259358
647.743414518 -6912 5528 259124
647.750204437 -6870 5714 259325
647.756954346 -7204 5573 259280
647.763734262 -7050 5415 259481
647.770547188 -6983 5516 258995
647.777324104 -7224 5610 259390
647.784118025 -7080 5495 259278
647.79099797 -7199 5318 259278
647.797744877 -7214 5515 259219
647.804544799 -7069 5461 259465
647.811574787 -7026 5386 259557
647.818371708 -7068 5511 259391
647.825244651 -7154 5438 258993
647.832042573 -7062 5579 259417
647.838860501 -6826 5526 259272
647.845629414 -7015 5465 259470
647.85240533 -7244 5332 259453
647.85916124 -7079 5395 259111
647.865901145 -7018 5634 259151
647.872737077 -7208 5267 259314
647.879547003 -6958 5569 259369
647.886315916 -7039 5512 259245
647.893107836 -7000 5547 259062
647.899887753 -6951 5419 259133
647.906911739 -7222 5557 259390
647.91374267 -7069 5397 259385
647.920551595 -7161 5545 259520
647.92732551 -6944 5425 259232
647.934110428 -7013 5346 259345
647.940900347 -7285 5425 259341
647.94766726 -7205 5316 259147
647.954454179 -6945 5496 259490
647.961241098 -6921 5490 259165
647.968038019 -7085 5307 259107
647.974825938 -7087 5365 259152
647.981610856 -7164 5546 259036
647.98838077 -7080 5383 259602
647.995156686 -7330 5405 259125
648.001965611 -6968 5502 259230
648.00872052 -7135 5392 259538
648.015516441 -7095 5451 259483
648.022334369 -7157 5507 259371
648.029107283 -6725 5279 259409
648.035880198 -7013 5542 259252
648.042716131 -7113 5452 259458
648.049500049 -7067 5481 259122
648.05633298 -7135 5366 259271
648.063153909 -7008 5354 259487
648.069885812 -6973 5510 260005
648.076807768 -6941 5477 259332
648.083655704 -7228 5446 259227
648.090475632 -7035 5394 259237
648.097250548 -7151 5451 259200
648.104047469 -7020 5302 259259
648.110845391 -6953 5693 259408
648.117652315 -7071 5400 259384
648.124450237 -7088 5499 259331
648.131234155 -7141 5289 259566
648.138016072 -6976 5463 259185
648.144816995 -7002 5547 259288
648.151608915 -7051 5688 259218
648.158350821 -6950 5460 259340
648.165124736 -7059 5549 259207
648.171913655 -7010 5583 259173
648.17875659 -7046 5688 259284
648.185544508 -7156 5527 259584
648.192418452 -7265 5252 259447
648.199193367 -7067 5487 259202
648.205986287 -6994 5402 259426
648.212778207 -7104 5470 259269
648.219574129 -7103 5212 259246
648.226398058 -7049 5578 259217
648.233193979 -7089 5471 259157
648.239963893 -7010 5605 259214
648.24681483 -7166 5366 259261
648.253595747 -7275 5538 259264
648.260360659 -7050 5582 259342
648.267122571 -7148 5312 259305
648.273893485 -6977 5343 259315
648.280683404 -7031 5605 259170
648.287431312 -6961 5460 259455
648.294213229 -7010 5542 259355
648.301027156 -7123 5489 259211
648.307784066 -6977 5549 259518
648.314567984 -7230 5610 259192
648.321428923 -7000 5409 259403
648.328223844 -6860 5421 259174
648.335119794 -7091 5660 259747
648.341927718 -7099 5509 259253
648.348701633 -7055 5478 259344
648.355475548 -7070 5511 259502
648.362257465 -7125 5300 259194
648.369024378 -6919 5317 259146
648.375809297 -7071 5458 259481
648.382625223 -6977 5247 259201
648.389393137 -6909 5523 259181
648.396157049 -7025 5645 259468
648.403000984 -7068 5479 259140
648.409793904 -6974 5547 259449
648.416613832 -7158 5582 259560
648.423411754 -7073 5659 259314
648.430475751 -7002 5574 259292
648.437250666 -6947 5455 259347
648.444026582 -7040 5541 259353
648.450863514 -7027 5503 259129
648.457648433 -7077 5410 259248
648.464506371 -7197 5551 259335
648.471300292 -7117 5455 259396
648.478088211 -7047 5287 259146
648.484866127 -6947 5454 259514
648.491651045 -7050 5428 259194
648.498395952 -6945 5659 259158
648.505159864 -7009 5313 259256
648.511977792 -7154 5411 259363
648.518803721 -6945 5482 259335
648.525599642 -7159 5446 259396
648.532421571 -7008 5608 259346
648.539204489 -7080 5590 259161
648.545998409 -6903 5601 258961
648.55279333 -7110 5294 259288
648.559569246 -7158 5375 259377
648.566329157 -7066 5410 259233
648.573100071 -7037 5405 259212
648.579833975 -7294 5232 259395
648.586599887 -6921 5509 259517
648.593404811 -6941 5528 259417
648.600259749 -7042 5538 259319
648.607100683 -6949 5409 259273
648.613898605 -7058 5349 259115
648.620698526 -7116 5363 259376
648.627470416 -7122 5371 259187
648.63428932 -7022 5484 259492
648.641090218 -7135 5483 259391
648.647854106 -6919 5319 259545
648.654642 -7197 5454 259393
648.6614479 -7086 5235 258991
648.66822179 -6915 5519 259400
648.675043694 -7170 5435 259228
648.681875601 -7106 5489 259520
648.688706508 -7071 5276 259178
648.695498404 -6996 5414 259423
648.702298302 -7064 5460 259252
648.709052187 -7041 5366 259521
648.71580107 -7059 5609 259226
648.722631977 -6969 5391 259605
648.72941387 -7072 5271 259229
648.736211767 -7285 5227 259445
648.743015666 -7250 5343 259321
648.749796559 -7047 5385 259325
648.756557446 -7134 5295 259314
648.763328336 -7079 5619 259517
648.770253268 -7147 5478 259572
648.777027159 -7040 5379 259247
648.783799049 -6965 5437 259404
648.790597947 -7148 5421 259686
648.797366836 -7005 5423 259193
648.80415173 -7248 5480 259280
648.811019647 -6938 5487 259538
648.81776853 -7248 5647 259502
648.824626444 -7154 5512 259324
648.831474356 -7126 5347 259308
648.838272253 -7243 5475 259201
648.845064149 -7119 5428 259358
648.851853044 -6939 5472 259283
648.858640938 -7263 5576 259301
648.865430833 -7031 5414 259044
648.872220728 -7197 5531 259455
648.878966611 -6986 5534 259129
648.885752505 -7153 5591 259352
648.892619422 -7175 5317 259334
648.899389311 -6996 5308 259439
648.906205214 -7200 5494 259223
648.912990107 -7179 5417 259034
648.919801008 -6960 5558 259176
648.926589903 -7058 5553 259285
648.9333858 -7308 5346 259418
648.940211705 -6996 5309 259629
648.94707262 -7024 5479 259069
648.953874519 -7090 5554 259589
648.960746437 -6774 5647 259234
648.967522328 -7041 5375 259342
648.974312223 -6775 5456 259370
648.981084113 -7146 5706 259194
648.987869007 -7301 5367 259362
648.994665904 -7011 5644 259074
649.001445796 -7063 5393 259095
649.008278703 -7140 5454 259056
649.015059596 -7070 5657 259167
649.021873498 -6843 5583 259272
649.028643387 -7103 5423 259263
649.035411276 -6983 5371 259313
649.042216176 -7238 5464 259453
649.049006071 -6951 5545 259208
649.055800967 -7064 5434 259175
649.062590862 -7071 5320 259318
649.069366754 -7033 5586 259469
649.076143645 -7083 5563 259196
649.082925538 -6988 5335 259522
649.089673421 -7162 5502 258996
649.096447312 -7152 5396 259205
649.103346238 -7094 5433 259059
649.110212154 -7089 5439 259486
649.116967039 -7135 5433 259392
649.124269077 -6964 5402 259480
649.131170003 -7021 5473 259334
649.1379639 -7272 5383 259406
649.144803809 -7026 5472 259416
649.15168573 -7085 5366 259382
649.158460621 -7229 5565 259531
649.165240513 -7184 5436 259200
649.172032409 -6964 5571 259382
649.178812301 -7076 5328 259003
649.185606197 -7152 5556 259323
649.192365084 -7193 5478 259538
649.199117968 -6837 5558 259293
649.205917866 -7043 5572 259295
649.212742771 -7115 5406 259633
649.219524664 -7060 5302 259346
649.226314559 -7203 5669 259543
649.233108455 -7086 5356 259550
649.239915355 -7043 5727 259234
649.246826284 -7283 5479 259124
649.253624182 -6993 5424 259320
649.260399072 -7156 5295 259474
649.267210974 -7081 5391 259322
649.27400487 -7131 5383 259570
649.280840778 -6934 5346 259314
649.287605666 -6972 5409 259194
649.294373555 -6884 5370 259249
649.301174453 -7391 5661 259410
649.307962348 -7167 5339 259070
649.314765247 -6982 5406 259168
649.32154814 -7150 5319 259571
649.328359041 -7069 5664 259428
649.335109925 -6831 5428 259293
649.34189882 -7049 5445 259375
649.348709721 -6956 5317 259366
649.355497615 -6960 5362 259259
649.362275507 -7117 5509 259389
649.369059401 -6949 5533 259423
649.375851296 -7087 5511 259287
649.382632189 -7094 5562 259345
649.389385074 -7085 5400 259362
649.396159965 -7094 5460 259518
649.407124025 -6883 5611 259370
649.413972936 -7153 5432 259271
649.420777836 -6942 5594 259309
649.427545725 -6937 5506 259304
649.434340621 -6863 5547 259336
649.441132517 -7031 5534 259194
649.44816548 -7125 5373 259515
649.454981382 -6837 5524 259422
649.461774278 -6924 5323 259402
649.46855117 -6937 5568 259417
649.475348067 -6970 5427 258953
649.482126959 -7334 5496 259295
649.488944862 -7216 5504 259148
649.495721753 -6909 5367 259244
649.502567664 -7071 5540 259344
649.50932555 -7104 5469 259495
649.516070433 -7041 5361 259284
649.522845324 -7270 5311 259589
649.529643221 -7033 5663 259370
649.536432116 -6996 5482 259239
649.543201005 -6908 5430 259499
649.549939886 -7179 5517 259320
649.557185908 -6950 5388 259299
649.563977804 -7288 5372 259408
649.570790706 -7103 5298 259556
649.577583602 -6867 5340 259319
649.584371496 -7136 5288 259530
649.591169393 -7140 5221 259164
649.597910275 -7407 5469 259090
649.604676163 -7031 5527 258946
649.611501068 -7207 5447 259167
649.618280961 -6994 5340 259089
649.625087851 -6961 5396 259570
649.631880723 -6862 5470 259108
649.638642587 -6970 5442 259558
649.645416453 -7172 5406 259241
649.652204324 -7037 5457 259383
649.659083219 -7135 5428 259269
649.665894096 -6929 5565 259157
649.672731981 -7143 5310 259237
649.67955286 -7121 5351 259138
649.686322726 -7081 5241 259334
649.693117598 -7161 5379 259518
649.699857456 -7180 5553 259525
649.706756357 -7020 5401 259474
649.713576236 -7019 5460 259556
649.720373109 -6988 5490 259301
649.727150977 -7019 5482 259205
649.733935847 -7035 5252 259367
649.740725718 -7044 5464 259327
649.747566603 -7027 5430 259381
649.754357474 -7053 5526 259396
649.761166351 -7135 5514 259572
649.767972226 -7090 5632 259190
649.774756096 -7009 5463 259244
649.781542966 -6928 5328 259264
649.78830883 -6976 5336 259663
649.7950917 -6933 5439 258993
649.801875569 -6898 5276 259326
649.808676443 -7050 5433 259299
649.815568342 -7122 5321 259436
649.822354212 -6988 5607 259246
649.829123078 -7092 5369 259386
649.835947959 -7215 5369 259350
649.843236967 -6975 5506 259369
649.850117863 -7005 5415 259073
649.856980755 -7037 5483 259261
649.863809636 -6995 5591 259309
649.870619513 -6786 5383 259234
649.877386378 -7098 5321 259355
649.884159244 -7226 5574 259568
649.89096512 -7199 5541 259309
649.897731985 -6897 5635 259362
649.904506852 -6885 5336 259264
649.911385747 -7076 5550 259598
649.918164615 -6979 5511 259134
649.924948485 -7038 5569 259606
649.931736355 -6823 5599 259560
649.938513223 -7055 5291 259486
649.945314097 -7117 5459 259549
649.952105969 -7071 5382 259164
649.958878835 -7221 5502 259194
649.965661704 -7082 5370 259347
649.972442573 -6996 5454 259218
649.979286459 -7010 5341 259308
649.986080331 -6854 5501 259251
649.992948224 -7227 5362 259365
649.999770103 -6947 5484 259200
650.006512962 -6902 5578 259350
650.013306834 -7087 5405 259112
650.020168725 -7102 5525 259358
650.026942591 -6967 5576 259587
650.033740465 -6882 5590 259230
650.040530336 -7150 5601 259198
650.0472952 -6957 5483 259146
650.054073068 -7094 5434 259205
650.060947962 -7096 5490 259330
650.067746836 -7204 5402 259290
650.074550711 -6993 5390 259132
650.081324578 -6937 5582 259549
650.088173465 -7172 5245 259955
650.094973339 -7135 5260 259505
650.101761209 -6996 5594 259287
650.108553081 -7193 5491 259380
650.115450982 -7153 5433 259237
650.122267861 -6918 5470 259421
650.129079738 -7192 5541 259450
650.135869609 -6960 5382 259256
650.14265848 -7041 5481 259352
650.149417342 -7050 5358 259372
650.156190209 -7023 5619 259136
650.16298008 -7072 5502 259415
650.169844972 -7019 5361 259515
650.176704862 -6986 5612 259242
650.183533744 -7100 5621 259363
650.190331617 -7198 5491 259369
650.197099482 -6996 5361 259585
650.203861346 -6927 5401 259209
650.210645215 -7026 5370 259441
650.217445089 -7113 5619 259286
650.224242962 -7070 5487 259282
650.231034834 -7284 5344 259468
650.237775691 -7132 5625 259817
650.244563562 -7011 5524 259470
650.251417451 -7177 5423 259328
650.258177314 -7073 5444 259397
650.265032203 -7218 5351 259192
650.27188009 -7110 5209 259390
650.278664959 -7067 5460 259161
650.285436826 -6927 5462 259314
650.292218694 -6804 5416 259706
650.298992561 -6858 5403 259738
650.305770429 -7029 5430 259200
650.312672331 -6963 5506 259104
650.319451199 -7013 5282 259152
650.326230067 -7304 5528 259398
650.333020938 -7024 5379 259209
650.339783802 -6912 5783 259300
650.346629689 -7023 5382 259457
650.353427562 -6981 5369 259209
650.36024444 -7177 5289 259371
650.367007304 -7080 5364 259175
650.373829184 -7006 5410 259259
650.380631058 -6861 5403 259489
650.38745894 -7010 5618 259420
650.394238808 -7045 5471 259376
650.401130708 -7196 5528 259313
650.407896572 -6977 5500 259471
650.41467544 -6907 5357 259188
650.421488318 -7150 5511 259417
650.428272187 -7264 5369 259490
650.435066059 -7203 5551 259578
650.441846928 -6949 5349 259228
650.448614793 -7065 5562 259057
650.455401663 -7193 5569 259371
650.462186533 -7136 5303 259500
650.468952397 -7000 5560 259117
650.475754272 -6890 5583 259406
650.482567149 -6918 5444 259384
650.489371024 -7003 5450 259384
650.496159895 -6973 5500 259518
650.502938763 -7149 5346 259421
650.509683622 -6973 5536 259031
650.516459489 -7040 5351 259547
650.523282369 -7269 5386 258978
650.530139259 -7069 5483 259533
650.536959138 -7103 5614 259344
650.543794022 -7062 5476 259117
650.550576891 -7161 5553 259425
650.557343756 -7017 5488 259372
650.564116622 -6994 5349 259318
650.570917496 -7216 5715 259158
650.577725372 -7199 5283 259379
650.584528247 -7105 5305 259438
650.591359129 -7071 5493 259122
650.598108989 -6978 5562 259151
650.604887858 -7077 5490 259589
650.611704736 -6988 5454 259166
650.618507611 -7159 5456 259495
650.625318479 -6978 5410 259548
650.632102324 -7172 5380 259136
650.638864164 -7040 5464 259497
650.645639008 -7089 5424 259098
650.652422854 -7076 5523 259319
650.659215702 -7100 5439 259032
650.666004549 -7006 5503 259385
650.672789395 -7166 5493 259399
650.679809305 -7143 5502 259050
650.686651167 -7019 5582 259438
650.693454018 -7233 5318 259301
650.700240864 -6970 5408 259432
650.707014708 -7127 5324 259038
650.713796553 -7042 5551 259334
650.7205854 -6948 5505 259251
650.727368246 -7082 5386 258955
650.734154092 -7160 5383 259504
650.74094594 -6860 5357 259211
650.747711781 -7124 5466 259266
650.754500628 -6903 5384 259319
650.761310481 -7096 5513 259389
650.768079323 -6992 5572 259362
650.774871171 -7086 5491 259146
650.78170303 -7258 5636 259281
650.788496878 -7064 5583 259514
650.795277723 -7109 5452 259021
650.802031561 -6977 5455 259469
650.808774396 -6946 5483 259328
650.815544238 -7167 5563 259341
650.822327083 -7187 5448 259270
650.829106928 -6918 5364 259168
650.835883772 -7105 5674 259288
650.842678621 -7050 5567 259180
650.849446462 -7031 5457 259291
650.856215304 -7170 5573 259330
650.863284227 -7030 5625 259401
650.870160098 -7139 5294 259119
650.876949946 -6929 5395 259200
650.8837648 -6929 5503 259475
650.890593658 -7154 5509 259058
650.897379504 -7160 5530 258999
650.904170352 -7046 5505 259419
650.910960199 -7146 5335 259346
650.917729041 -6977 5464 259260
650.924507886 -7351 5568 259166
650.931327741 -6839 5362 259354
650.938107586 -7059 5666 259335
650.944906436 -6986 5303 259181
650.951740295 -7087 5551 259342
650.958487131 -7165 5554 259426
650.965266976 -7033 5596 259177
650.972085831 -6893 5585 259317
650.978862675 -6997 5494 259241
650.98567853 -7147 5490 259377
650.992541397 -6887 5375 259410
650.999338246 -6985 5518 259517
651.006102087 -7221 5453 259439
651.012836919 -6897 5440 259300
651.019690784 -6925 5501 259404
651.026484633 -6770 5508 259369
651.033314491 -7064 5464 259045
651.040177358 -6964 5356 259180
651.046951202 -6997 5425 259700
651.053736048 -7046 5447 259162
651.060525895 -7118 5276 259459
651.067296737 -7155 5691 259241
651.074083584 -6945 5499 259298
651.080873432 -7128 5496 259221
651.087669281 -7263 5801 259256
651.094484135 -6993 5371 259396
651.101274983 -7037 5355 259152
651.108044825 -7046 5307 259372
651.114850676 -7113 5231 259292
651.121655528 -7086 5490 259404
651.128437373 -7086 5601 259326
651.135226221 -7013 5464 259279
651.142016068 -7058 5551 259570
651.14878591 -7081 5433 259292
651.156442993 -7171 5528 259413
651.163278853 -6995 5523 259607
651.170146722 -7012 5478 259167
651.176927567 -6849 5454 259372
651.183741421 -6941 5415 259057
651.190566278 -6883 5529 259392
651.19733412 -6972 5505 259418
651.204404043 -7038 5297 259390
651.211224899 -7060 5527 259194
651.218030751 -7097 5479 259158
651.224816597 -6964 5657 259429
651.23158944 -6890 5396 259155
651.238385289 -7023 5382 259273
651.245170135 -6926 5535 259337
651.251967985 -6956 5532 259306
651.258718822 -7004 5499 259164
651.265485663 -7073 5648 259104
651.272292515 -7190 5449 259179
651.279033349 -7189 5439 259084
651.285823197 -7204 5366 259330
651.292658056 -6938 5501 259280
651.299461908 -7064 5431 259503
651.306249755 -7101 5442 259297
651.3130336 -7036 5457 259233
651.319852456 -7083 5236 259566
651.326701319 -6950 5524 259174
651.333619202 -7047 5407 259053
651.340441058 -7001 5574 259428
651.347223903 -7158 5451 259369
651.354022753 -7058 5409 259265
651.360815602 -6997 5357 259555
651.367549434 -7028 5523 259449
651.374344283 -6851 5561 259480
651.381156136 -7222 5432 259508
651.387927979 -6950 5454 259175
651.394751835 -7265 5472 259138
651.401561688 -6988 5580 259211
651.40833153 -7115 5599 259134
651.415117377 -6894 5676 259428
651.421936232 -7100 5524 259337
651.428706074 -7354 5388 259606
651.435444908 -7120 5410 259385
651.442232755 -7099 5394 259465
651.449018601 -7123 5421 259175
651.45585146 -6902 5459 259675
651.462642308 -7154 5351 258956
651.469409149 -7231 5460 259223
651.476194995 -7019 5438 259317
651.48297584 -7164 5523 259118
651.489744682 -7107 5425 259127
651.496871621 -6858 5491 259543
651.503689476 -7045 5398 259274
651.510456318 -7083 5478 259345
651.517242164 -6994 5553 259117
651.524059019 -7023 5430 259356
651.530851867 -7080 5388 259178
651.537648716 -7107 5347 259244
651.544437564 -6793 5586 259353
651.55122441 -7058 5335 259332
651.557996253 -7167 5483 259421
651.564767095 -7024 5579 259288
651.571562944 -7307 5364 259091
651.578349791 -7013 5558 259399
651.585125635 -7117 5673 259376
651.592108535 -7058 5421 259258
651.59907543 -7173 5395 259385
651.605880282 -7060 5433 259318
651.612689134 -6999 5569 259357
651.619479982 -7226 5497 259272
651.626295828 -6994 5421 259633
651.633064646 -7143 5436 259176
651.639795455 -6945 5491 259391
651.646544268 -7019 5517 258982
651.653367101 -7141 5603 259416
651.66021394 -7198 5352 259452
651.667051777 -7055 5568 259188
651.673854605 -7059 5499 259660
651.680644429 -7034 5569 259202
651.687406246 -7271 5558 259260
651.694198071 -6995 5586 259363
651.701012902 -6916 5483 259269
651.707885748 -6842 5585 258978
651.714701579 -7108 5475 259355
651.721542417 -7087 5529 258999
651.72832724 -7031 5418 259272
651.735099059 -6989 5428 259342
651.741860876 -6953 5569 259490
651.7486507 -6962 5380 259307
651.755489538 -6932 5347 259120
651.762283363 -6975 5415 259103
651.769052181 -6874 5587 259051
651.775847007 -7153 5441 259125
651.782629829 -7041 5475 259196
651.789404649 -7060 5627 259088
651.796170467 -6905 5496 259596
651.802964292 -7064 5331 259407
651.80976612 -7024 5541 259495
651.816570948 -6973 5662 259360
651.823376777 -7096 5563 259470
651.830223616 -6988 5348 258948
651.837006438 -7022 5195 259593
651.843834273 -6999 5310 259445
651.850649104 -7040 5450 259305
651.857474938 -7025 5481 259423
651.864250758 -7073 5495 259552
651.871055586 -7169 5461 259313
651.877800398 -7036 5529 258969
651.88461823 -7077 5536 259424
651.891433061 -7085 5379 259277
651.898211882 -7279 5324 259259
651.904998706 -7110 5455 259336
651.911820538 -6942 5673 259266
651.918616364 -6982 5474 259381
651.925472206 -7025 5464 259050
651.932266031 -7067 5482 259231
651.93903485 -6997 5379 259379
651.945817672 -6952 5473 259302
651.952611498 -7068 5540 259155
651.959383317 -6992 5404 259268
651.966149135 -7011 5406 259120
651.97294196 -7256 5535 259413
651.97971878 -7092 5411 259404
651.986514606 -7100 5586 259286
651.993300429 -6982 5479 259342
652.000180278 -6886 5335 259278
652.006914087 -7248 5517 259264
652.013691908 -7230 5257 259477
652.020573757 -6957 5501 259299
652.027364581 -6978 5435 259088
652.034156406 -7046 5505 259529
652.040942229 -7156 5611 259286
652.04772205 -7005 5302 259419
652.054508874 -6827 5258 259350
652.061300699 -7042 5288 259449
652.068040509 -7167 5517 259456
652.074848338 -7080 5548 259211
652.081673172 -7292 5482 259371
652.088443991 -7054 5375 259440
652.095228814 -7085 5257 259457
652.102022639 -7092 5445 259491
652.108794459 -7101 5482 259444
652.115604288 -7111 5474 258977
652.122419119 -7105 5469 259374
652.129199941 -7127 5405 259356
652.135983763 -7076 5753 259399
652.142753582 -7186 5451 259225
652.149491392 -7099 5566 259372
652.156264212 -6983 5677 259426
652.16306704 -7140 5706 259364
652.169851863 -7283 5588 259281
652.176698702 -6856 5465 259066
652.183491527 -7324 5494 259195
652.190283352 -7150 5295 259187
652.197055171 -7036 5506 259213
652.203886006 -7120 5422 259566
652.210676831 -7060 5509 259452
652.217549677 -7203 5570 259530
652.224380513 -6979 5481 258932
652.231167336 -7154 5576 259507
652.237936154 -7239 5501 259380
652.244705973 -7068 5138 259130
652.251454786 -7041 5506 259490
652.258245611 -7290 5373 259209
652.265010428 -7106 5652 259244
652.271814256 -7045 5297 259411
652.278567071 -6954 5472 258992
652.285345892 -6972 5492 259054
652.29214972 -7216 5409 259420
652.29892554 -7171 5451 259548
652.305740371 -7094 5427 259570
652.312568206 -6993 5482 259316
652.319349027 -6923 5265 259448
652.326159857 -6968 5595 259315
652.33298169 -6950 5258 259004
652.339806524 -6807 5472 259485
652.346563339 -7015 5415 259525
652.353327156 -7029 5418 259195
652.360328037 -7002 5545 259430
652.367097856 -7077 5563 259260
652.37388768 -6947 5362 259135
652.380669502 -6862 5433 259179
652.387415314 -7070 5563 259500
652.394204138 -7018 5431 259446
652.401009967 -7007 5338 259035
652.407771783 -7125 5415 259339
652.414555606 -7199 5378 259322
652.421390442 -6986 5583 259259
652.428184268 -7018 5295 259158
652.434980093 -7169 5441 259468
652.441783921 -7136 5470 259193
652.448546738 -7200 5487 259197
652.455321558 -7014 5496 259254
652.462119385 -6926 5216 259186
652.468885203 -6994 5518 259425
652.475675027 -7307 5448 259342
652.482511864 -7233 5274 259352
652.489262677 -7131 5465 259311
652.496034497 -6910 5340 259616
652.502817319 -7163 5290 259079
652.50955713 -6963 5325 259381
652.516323948 -7019 5360 259358
652.52344286 -6885 5409 259468
652.530285699 -7137 5524 259489
652.53706352 -6987 5290 259219
652.543855344 -6969 5413 259289
652.550638167 -7158 5527 259202
652.55742499 -6890 5506 259427
652.56419881 -7060 5567 259129
652.570995636 -7312 5500 259107
652.577810467 -7103 5450 259260
652.584600291 -7212 5519 259453
652.591385114 -7163 5439 259256
652.598152932 -7001 5414 259216
652.604928753 -7058 5446 259419
652.611718577 -7196 5463 259384
652.6185054 -6849 5483 259183
652.625342228 -7018 5490 259311
652.632217052 -7072 5450 259255
652.63899285 -7182 5388 259241
652.645766647 -7171 5408 259105
652.652706488 -7194 5354 259242
652.659482285 -7128 5534 259398
652.666277088 -6997 5510 259615
652.67306789 -6891 5552 259331
652.679835685 -7000 5499 259265
652.686609482 -6930 5447 259448
652.693389281 -7099 5408 259353
652.700336124 -6993 5506 259426
652.70714493 -7221 5789 259535
652.713939733 -7049 5427 259273
652.720729534 -6925 5467 259333
652.727550343 -7013 5319 259484
652.734369152 -7115 5516 259270
652.741162955 -7072 5484 259424
652.748003769 -6831 5559 259287
652.754822578 -6872 5256 259467
652.761680398 -7261 5492 259182
652.768466198 -7194 5274 259491
652.775250998 -6967 5241 259515
652.782107817 -6927 5553 259340
652.788887616 -7154 5540 259358
652.795685419 -7206 5386 259308
652.80254924 -7040 5514 259204
652.809321036 -7096 5470 259498
652.816109837 -7055 5471 259194
652.822894637 -7179 5479 259371
652.829717447 -7125 5593 259704
652.836508249 -7071 5532 259242
652.843311054 -7078 5452 259489
652.850172874 -7132 5466 259759
652.856947671 -7020 5479 259230
652.863719468 -6893 5398 259395
652.870522273 -7104 5391 259246
652.877281066 -6887 5400 259414
652.884103876 -6882 5479 259537
652.890914683 -7042 5398 259299
652.897740494 -7265 5406 259368
652.904493285 -6904 5432 259007
652.912158318 -7069 5449 259365
652.918968125 -7152 5634 259286
652.925774931 -7046 5421 259452
652.932603742 -7108 5496 259446
652.93941555 -6984 5477 259336
652.946298376 -7104 5462 259513
652.953094178 -7010 5467 259310
652.959852971 -7059 5594 259442
652.966627769 -7055 5367 259322
652.973434575 -7220 5380 259438
652.980263386 -6870 5540 259201
652.987035183 -7018 5576 259249
652.993862994 -6989 5382 259295
653.000656796 -6981 5375 259422
653.007396584 -7285 5362 259180
653.01416538 -7080 5390 259360
653.020956182 -7210 5474 259538
653.027763988 -7155 5554 259653
653.034571794 -7069 5587 259113
653.041402606 -7136 5466 259569
653.048199409 -7181 5473 259476
653.054994212 -7275 5357 258990
